3.607363684338587761e+09
2.910158552561715603e+09
1.761495153464748383e+09
1.450452743800650358e+09
2.057022940306106567e+09
2.514119025384614944e+09
2.186897321410880566e+09
3.382105654194966793e+09
3.318399997626333714e+09
3.225273567520179272e+09
2.299301976667763710e+09
2.729783682494689941e+09
1.379677344468739271e+09
3.209000418534125805e+09
3.256011650313243389e+09
3.082241535185690880e+09
3.538797192731916428e+09
2.921180182179807663e+09
2.664436657415363789e+09
3.261729643259977341e+09
3.994695966237841129e+09
3.016098357357054710e+09
3.911787285238064289e+09
3.141520109932551861e+09
3.637364350101426125e+09
2.906910764250416756e+09
3.054797743547999859e+09
3.675109384045091629e+09
3.308162680449287891e+09
2.660195976540387630e+09
2.848950821978234291e+09
3.601798722644067287e+09
4.532984943716625214e+09
2.763804363012030602e+09
4.151167225704706669e+09
3.790524481117529392e+09
3.630996424668609619e+09
4.285498976301234722e+09
3.928595224975034237e+09
4.119412183822044373e+09
4.633805093477868080e+09
4.184161840646968842e+09
4.616421722294848442e+09
4.808993234289245605e+09
4.975258769488952637e+09
4.210977947759343624e+09
4.154839027686217308e+09
5.101502826544013023e+09
4.670993088408714294e+09
4.593271483153234482e+09
5.179618163319118500e+09
5.045851096747318268e+09
5.145204289543470383e+09
5.020575677490456581e+09
5.558527355982710838e+09
5.471124275983726501e+09
6.054898420896034241e+09
4.850416411521387100e+09
6.114811099769506454e+09
5.745822153978814125e+09
5.978264435764262199e+09
6.701666051685263634e+09
6.851116811833547592e+09
6.191125973784720421e+09
5.955102314295409203e+09
6.317033024889377594e+09
6.587862360267642021e+09
6.694317895341287613e+09
6.437499373352020264e+09
6.922080108233195305e+09
6.850427184950310707e+09
7.837705664856208801e+09
7.625933010492948532e+09
8.086925340231566429e+09
7.681755411524804115e+09
8.768442322625965118e+09
8.711612940592174530e+09
8.538202574115572929e+09
8.476049028563420296e+09
7.586327721160140991e+09
8.387588601554450989e+09
9.182776812267400742e+09
8.430931672090314865e+09
9.772305120293653488e+09
9.845912970558198929e+09
9.157188113062425613e+09
9.018090999966299057e+09
9.578984873192079544e+09
9.117434515097993851e+09
9.468898017302547455e+09
1.086133607095205116e+10
9.779555135272504807e+09
9.421997068076988220e+09
1.019500379040429688e+10
1.129010550760388756e+10
1.179911142514122009e+10
1.231020370170335388e+10
1.117471612523054314e+10
1.223233604615280914e+10
1.189295038395984459e+10
1.265402086670727921e+10
1.342334754722262955e+10
1.364381923080402565e+10
1.282174662187409019e+10
1.299633054587722969e+10
1.241633952760775566e+10
1.316605226109879112e+10
1.274560926340615654e+10
1.456304300344668770e+10
1.430472731453700447e+10
1.530520602456511879e+10
1.374391890474228096e+10
1.593663008435117722e+10
1.549630503585613060e+10
1.534722363727824402e+10
1.524726364782762909e+10
1.638388472918276978e+10
1.578601130054141045e+10
1.723424153618534088e+10
1.710134261283532143e+10
1.656348615575422668e+10
1.767514629514396286e+10
1.819854058657538223e+10
1.982627867935778809e+10
1.837980121829224777e+10
1.884072925295645523e+10
1.806318327290373611e+10
1.895120288327160645e+10
1.903586872411965561e+10
1.970880039679893112e+10
1.861279085534998322e+10
2.134043633766535950e+10
1.981833321484536743e+10
1.993635339056452560e+10
2.189148696553540421e+10
2.201957993953263474e+10
2.180179673089440918e+10
2.413067033730284119e+10
2.291142030043251419e+10
2.310233237706897736e+10
2.367685262609038925e+10
2.432116080312983704e+10
2.459879379965589905e+10
2.452446280889481354e+10
2.567204149472553253e+10
2.596017592073055649e+10
2.458933798224389648e+10
2.687914551154326248e+10
2.488621088045656967e+10
2.687127595115755463e+10
2.666303668750752640e+10
2.644183140522569275e+10
2.666546523202159882e+10
2.709397041438128281e+10
3.073694591077130508e+10
3.154439142386446381e+10
3.249612996353254318e+10
3.114015864448424530e+10
2.944617767219081497e+10
3.098450101773899841e+10
3.191482679884235764e+10
3.431663751756170273e+10
3.166137028663180542e+10
3.239832069506263351e+10
3.402358594661182022e+10
3.415849944902874374e+10
3.417608430129019165e+10
3.509536099443904877e+10
3.568636336567662048e+10
3.526128916638059235e+10
3.542523023367152405e+10
3.751424079490804291e+10
3.823779032614880371e+10
3.528487613571974182e+10
3.691259560327114105e+10
3.796498987814598083e+10
3.932873892830241394e+10
4.163612063641513062e+10
4.081508962480599976e+10
4.066647374428443909e+10
4.204790937826497650e+10
4.027352243461933136e+10
4.180827401821468353e+10
4.312020168652745819e+10
4.227045137862061310e+10
4.233631183419299316e+10
4.621139584251305389e+10
4.665134995450932312e+10
4.458789526492989349e+10
4.558536202004417419e+10
4.264027471345654297e+10
4.718600334592414093e+10
4.708601480605347443e+10
4.525270902854307556e+10
4.874199872690348816e+10
4.835813474158289337e+10
4.891401279504600525e+10
4.902032387650913239e+10
4.988879387943438721e+10
4.984541667726080322e+10
4.901553877661418915e+10
5.146523029269909668e+10
5.105529583270675659e+10
5.041002412837055206e+10
5.291876717320745087e+10
5.347614027295468140e+10
5.508694894144264221e+10
5.439149911879027557e+10
5.410541765488428497e+10
5.495574601848121643e+10
5.738082672533483887e+10
5.606040094802590179e+10
5.630659245092002106e+10
5.906940124862564850e+10
5.829259420862234497e+10
5.866432529111601257e+10
5.906822304987041473e+10
5.874004684650935364e+10
6.106403810935568237e+10
6.204963857322595978e+10
6.422214711599401855e+10
6.049410420809792328e+10
6.454120772850441742e+10
6.316062024893085480e+10
6.479999838649942780e+10
6.500951480396858978e+10
6.624316784140593719e+10
6.426266650299007416e+10
6.624190200697596741e+10
6.822755187953999329e+10
6.818415375626224518e+10
6.655840808231639862e+10
6.719696039896600342e+10
6.812392344059366608e+10
6.960088467783558655e+10
7.058347337835104370e+10
6.805595439877745819e+10
6.948867573371385193e+10
7.173290805645140076e+10
7.029426681893202209e+10
7.136200163412786865e+10
7.127515786701248169e+10
7.258327461561231995e+10
7.399543131337483215e+10
7.754699332737203979e+10
7.501584802016244507e+10
7.489704743634738159e+10
7.613677627471153259e+10
7.716613587283624268e+10
7.694444505727790833e+10
7.756450268092053223e+10
8.033697065794679260e+10
8.177497749530384827e+10
8.356648264399420166e+10
8.149993267083796692e+10
8.550515754963560486e+10
9.906755558912826538e+10
9.945562389417875671e+10
8.570167879691851807e+10
9.681072419564259338e+10
1.047747216577292023e+11
7.567324749181892395e+10
5.312543699557142639e+10
7.401877869217190552e+10
1.138971677898844604e+11
7.345762471391082764e+10
6.972057991711601257e+10
7.300936656420460510e+10
9.578819480822351074e+10
6.731957093402725220e+10
6.259597760852695465e+10
1.302971955226076202e+11
8.525965545512150574e+10
1.117132840604888153e+11
1.156872947951651306e+11
4.817812705836312103e+10
5.914503937407678223e+10
1.025810423624201508e+11
6.739587182548958588e+10
9.266891220612258911e+10
9.979919120167579651e+10
9.046015399751792908e+10
9.274232589450822449e+10
7.976227485674328613e+10
8.058236038657931519e+10
1.108935700629548035e+11
6.423247441151053619e+10
7.104018635432672119e+10
1.116849506444519348e+11
6.413659467382492828e+10
8.761193198599864197e+10
8.229411652351609802e+10
8.084221711676652527e+10
9.591191716518061829e+10
8.922225244870384216e+10
9.312212735200372314e+10
9.331479749615428162e+10
9.972151225843745422e+10
1.034898397929879608e+11
1.037326895773975677e+11
1.036412682615802002e+11
1.062151330389737549e+11
1.037202511081256714e+11
1.074894843250375366e+11
1.052145974734863739e+11
1.061285957086383972e+11
1.095888392263605347e+11
1.089304358898051453e+11
1.106419610253160858e+11
1.082678416372308807e+11
1.097487241434096680e+11
1.104361023566595154e+11
1.138361375084456635e+11
1.121193370481905823e+11
1.110319071842825775e+11
1.135349642407987213e+11
1.152695970905484924e+11
1.164823448450144958e+11
1.165000451878860016e+11
1.167423453142379761e+11
1.174798954528593140e+11
1.184523309310538177e+11
1.155644537842051849e+11
1.184233233705582886e+11
1.193810858183246460e+11
1.204524108497485809e+11
1.204960014071226959e+11
1.201615169697258301e+11
1.226465340175129089e+11
1.202387932656165924e+11
1.213587912625807037e+11
1.204854850780715942e+11
1.219404616294575500e+11
1.203901664981375885e+11
1.242172778508314362e+11
1.230706649907463837e+11
1.222976813652532654e+11
1.268799304917814331e+11
1.258301346329188232e+11
1.253676922392331543e+11
1.264748449247967834e+11
1.257622531560081635e+11
1.287589488238044128e+11
1.286287336444003906e+11
1.261507985475491180e+11
1.290248614668237762e+11
1.321944653330940552e+11
1.302667958127494812e+11
1.327006183148543854e+11
1.315172353506975098e+11
1.307664880286073151e+11
1.344875603333496246e+11
1.316404624632017517e+11
1.327963278046742706e+11
1.330362066351473236e+11
1.354740986489620361e+11
1.347204648756267242e+11
1.357328816170982513e+11
1.366058147732898102e+11
1.362692087979478912e+11
1.373179711241920776e+11
1.366944135081517792e+11
1.360123436199557037e+11
1.388691723752061157e+11
1.378918136009972229e+11
1.381689566028483276e+11
1.394423824687756348e+11
1.398980384606779480e+11
1.400875883593377686e+11
1.396870846797766418e+11
1.381465591524362183e+11
1.409225241892308655e+11
1.414046292892851868e+11
1.435122058620954285e+11
1.416749383103881531e+11
1.442835673037706909e+11
1.435902717872043762e+11
1.447099586365132141e+11
1.454686035901892700e+11
1.454960187593524780e+11
1.458566138988245544e+11
1.473971717104059753e+11
1.477166495709578552e+11
1.469415267511847229e+11
1.486867991423383179e+11
1.492896646749292908e+11
1.497699158432319641e+11
1.476549277096859741e+11
1.487933535648765259e+11
1.490753127434580994e+11
1.510973748638464661e+11
1.540364176774286499e+11
1.519159956400438538e+11
1.510543909467200012e+11
1.515739772942171936e+11
1.512894680009288635e+11
1.542266287254532471e+11
1.564956182768963623e+11
1.559217199655829773e+11
1.531942932382268982e+11
1.540630815706756592e+11
1.556544797402092590e+11
1.569847388799728394e+11
1.541222082835308228e+11
1.562518033268429565e+11
1.580085998401943359e+11
1.580054364951835632e+11
1.609344478788874207e+11
1.592133273380039368e+11
1.604159500931402588e+11
1.597810548976575317e+11
1.593726481703761902e+11
1.610189275990594482e+11
1.601564140936846924e+11
1.623536378623286743e+11
1.622764474662373657e+11
1.622826713152434692e+11
1.627300220655147705e+11
1.614861830151570129e+11
1.648334394596064758e+11
1.648480215453060608e+11
1.630683586734913330e+11
1.648025803403839111e+11
1.656212090677297668e+11
1.651073190942038574e+11
1.663534963239285889e+11
1.665582575576378784e+11
1.673597814228794556e+11
1.690538559783931580e+11
1.703440783763896484e+11
1.703778516675030212e+11
1.711621753856418152e+11
1.689056395027069702e+11
1.696804376241949158e+11
1.697563402784717712e+11
1.715386983652343140e+11
1.725677657394001770e+11
1.733546546253479309e+11
1.701520123614209290e+11
1.733530767208721313e+11
1.727455868327401123e+11
1.731834642759482422e+11
1.728150617596590271e+11
1.750739104113796997e+11
1.740831405148135071e+11
1.751293800788676147e+11
1.777951958418412476e+11
1.781915262205698547e+11
1.757040466981747131e+11
1.779078293794046021e+11
1.778311092325496521e+11
1.772215908483804016e+11
1.766454820520112915e+11
1.812883457418386841e+11
1.772946649726151733e+11
1.801532441444009705e+11
1.782690791315620117e+11
1.790755348616435547e+11
1.776146263441850281e+11
1.807484806003328857e+11
1.818226849787291870e+11
1.828809470585545349e+11
1.810386866699638367e+11
1.836838669280459900e+11
1.841103371658584290e+11
1.839007724982905579e+11
1.838019701311188354e+11
1.850337781106256714e+11
1.844655203311033325e+11
1.835702704663489380e+11
1.867441703867105713e+11
1.839556511734024963e+11
1.826830117403332214e+11
1.883452726121118469e+11
1.874157131005870361e+11
1.862409327463159485e+11
1.855032055453218384e+11
1.853631814724959412e+11
1.884395426192089844e+11
1.889575342274186707e+11
1.894157441203556824e+11
1.900392149318253784e+11
1.886329424707558899e+11
1.915016265286239624e+11
1.923249552278474426e+11
1.894849162121073608e+11
1.943446151817611084e+11
1.928792353577866516e+11
1.929721016168146973e+11
1.925882858151525879e+11
1.929673299996592407e+11
1.935604149071990051e+11
1.933148509367663269e+11
1.955492588015160828e+11
1.922238244001415100e+11
1.949481103035237732e+11
1.949099962210305481e+11
1.975110713725600891e+11
1.951103170772461548e+11
1.976311510724341125e+11
1.967575881556691895e+11
1.961593545464685059e+11
1.958614399255770264e+11
1.968177173004360352e+11
1.979756414030402832e+11
1.978458319250883484e+11
1.986014452614029236e+11
2.002930779482196350e+11
1.997022792758916016e+11
2.003045959128877869e+11
2.008228487262135620e+11
2.008043764354631653e+11
2.011250077404527893e+11
2.001014852512969360e+11
2.019291401732543640e+11
2.014627228607586670e+11
2.017269356234267578e+11
2.042021055331008301e+11
2.040890270415756226e+11
2.067934568809676514e+11
2.040721998984250488e+11
2.059295519791419067e+11
2.064688920651302185e+11
2.041602890187004700e+11
2.040488180903772583e+11
2.051362869054519958e+11
2.070771973948874207e+11
2.047592385880103149e+11
2.054207800022095337e+11
2.074321526020154114e+11
2.100020621942546692e+11
2.073445477173544617e+11
2.090052441672472839e+11
2.124792821859465332e+11
2.112451718957333374e+11
2.110130503457066040e+11
2.114134317723461609e+11
2.103492217167763977e+11
2.118821974199464722e+11
2.128239020360789185e+11
2.119646244310401001e+11
2.135794703746761780e+11
2.153294041519038696e+11
2.135361258175697632e+11
2.144301041656865234e+11
2.182052211339433899e+11
2.163444326213065186e+11
2.158660780777551270e+11
2.172601606159359131e+11
2.171372219183578491e+11
2.154351311876302795e+11
2.166906741440755005e+11
2.173783701627469177e+11
2.176293819036282043e+11
2.183491382974467163e+11
2.180043536429161072e+11
2.195210826375816345e+11
2.190293688083662720e+11
2.197099296522474670e+11
2.187841673347330322e+11
2.232307611309612427e+11
2.198566256898681030e+11
2.211692550135408936e+11
2.236793612802976990e+11
2.224505431454298706e+11
2.207887890614864807e+11
2.241411984378290100e+11
2.229256907983957825e+11
2.221550625807146912e+11
2.227919622897050171e+11
2.235518552286222839e+11
2.269812543488868713e+11
2.270378854988471375e+11
2.272488569827540283e+11
2.254617874886096802e+11
2.249763697833844299e+11
2.257688528698311462e+11
2.264745521837201233e+11
2.268814108280016479e+11
2.262122598501270752e+11
2.264011479788415833e+11
2.290867208853015442e+11
2.276572687116286316e+11
2.307942832046105042e+11
2.300747012232109985e+11
2.306248173283826904e+11
2.337551467802785950e+11
2.359398391477612000e+11
2.312333817951348877e+11
2.307524505999340820e+11
2.335164606835664673e+11
2.340079169599728699e+11
2.350782870996963806e+11
2.357002738321604004e+11
2.354886622789266357e+11
2.329770844010938110e+11
2.341153395654351807e+11
2.358325363862309875e+11
2.354027307894411621e+11
2.353402125982410278e+11
2.361573841246710815e+11
2.343656548377141418e+11
2.381932613974127197e+11
2.383408664129125977e+11
2.381053267461630554e+11
2.400531807396891174e+11
2.415056448816924744e+11
2.389526372852532959e+11
2.398734219449802551e+11
2.403707863932215271e+11
2.446715033444236450e+11
2.436333446846127014e+11
2.441446150023782959e+11
2.407650068756399536e+11
2.439967631591623840e+11
2.416809050693427124e+11
2.419735037694797974e+11
2.457233316492572937e+11
2.442412564129662781e+11
2.455745268054701233e+11
2.461962167617905884e+11
2.442988834283430786e+11
2.456364201884768066e+11
2.451575239785405579e+11
2.445535303279850159e+11
2.493391783795561829e+11
2.452648203123858337e+11
2.474527166776121216e+11
2.486966895056014099e+11
2.494938602896214294e+11
2.497472355395046387e+11
2.501332906539651489e+11
2.504886793036873474e+11
2.524471051348852539e+11
2.517081990369772034e+11
2.536374453523023682e+11
2.521334342592415466e+11
2.531998146527629089e+11
2.542477080690972290e+11
2.521599138644883423e+11
2.527829869438517761e+11
2.522728207525817871e+11
2.526014825518918762e+11
2.529990513599039917e+11
2.557656118769359436e+11
2.549574558088432617e+11
2.549145655166157532e+11
2.564964712540775146e+11
2.564442214968265991e+11
2.576619943345526123e+11
2.571020035422972412e+11
2.595637729226851196e+11
2.583554317765286865e+11
2.590615819015751648e+11
2.575575730285882263e+11
2.582005582999276123e+11
2.589541430905200806e+11
2.605671871050321350e+11
2.592711774787624207e+11
2.625385566586801147e+11
2.593286203970705566e+11
2.597391631418125610e+11
2.610690407652498474e+11
2.630599727679584961e+11
2.664966135137426147e+11
2.613783319226236267e+11
2.658874453872975159e+11
2.673371117868009644e+11
2.638531320543701477e+11
2.642793741041560364e+11
2.657403110421861267e+11
2.675247896882687683e+11
2.656939700058106384e+11
2.658591777209029236e+11
2.664058187753020935e+11
2.700854074625782166e+11
2.685934056658403931e+11
2.686680132933813477e+11
2.700543141096737671e+11
2.715109288885006104e+11
2.699656123941541748e+11
2.700002759657643433e+11
2.713568252041435242e+11
2.711245018141439209e+11
2.699955552473581848e+11
2.702003000637615356e+11
2.726045686909475708e+11
2.711469857331274719e+11
2.726561070667695618e+11
2.735384597414241638e+11
2.719243750351150513e+11
2.781898489714636841e+11
2.718047987836005859e+11
2.763990622585893555e+11
2.781915976428111572e+11
2.783639497215947876e+11
2.786752171031822510e+11
2.768674076115144043e+11
2.811114237506174316e+11
2.762273155640606079e+11
2.794502765171328125e+11
2.799419572789381714e+11
2.791828454381791382e+11
2.793326814236480103e+11
2.800192524434009399e+11
2.804378272137759399e+11
2.805063552062124023e+11
2.779914276165625000e+11
2.812027816372439575e+11
2.846278988736571045e+11
2.820719870033734131e+11
2.840782154052377930e+11
2.871609574577467041e+11
2.830753654808878174e+11
2.845070566149028320e+11
2.819167721744414673e+11
2.856703824913460083e+11
2.879645147561546021e+11
2.882774751632487793e+11
2.880952074094020386e+11
2.862145641598796387e+11
2.894394105151072388e+11
2.897978557635913086e+11
2.897329593533096924e+11
2.870478295593121338e+11
2.914972819484436646e+11
2.876718525994944458e+11
2.900764591669509888e+11
2.916178480624725342e+11
2.920240078130564575e+11
2.917192418888588867e+11
2.905469628811313477e+11
2.902810696346647949e+11
2.922998160882813721e+11
2.928745198235336914e+11
2.949527155731802368e+11
2.915995839372511597e+11
2.982495410915979004e+11
2.957412612049951782e+11
2.950783030791135254e+11
3.000156291501566772e+11
2.995752331858584595e+11
2.949318756943836060e+11
2.968583025898842163e+11
2.968749935923602905e+11
3.000447359410456543e+11
2.999798074446437378e+11
2.991007391321658325e+11
3.010495408485876465e+11
2.979176472953469849e+11
2.996785673714904785e+11
2.999836789951297607e+11
3.019244959169641113e+11
3.023395307225420532e+11
3.030063152114811401e+11
3.029126261165363770e+11
3.064667167594028320e+11
3.018067013507540894e+11
3.027397205131688232e+11
3.047524720601646729e+11
3.036387750632993164e+11
3.087139068488480225e+11
3.066981027162374878e+11
3.055332045886294556e+11
3.075983900901145020e+11
3.053968074388719482e+11
3.085058719688662720e+11
3.101275105982593384e+11
3.066163309547489014e+11
3.141515846603311768e+11
3.080859361301252441e+11
3.083766969695787354e+11
3.094600555744475098e+11
3.120055232603838501e+11
3.120713175268084717e+11
3.121803998086787720e+11
3.137424573365908203e+11
3.115069804030037842e+11
3.125059616300484619e+11
3.137877516151528320e+11
3.174362813726156616e+11
3.192115684764754028e+11
3.170774928937822876e+11
3.178157779981456299e+11
3.127495708052342529e+11
3.153340368631461182e+11
3.161362948775416870e+11
3.181709567528530884e+11
3.164051915854333496e+11
3.212105753288179321e+11
3.199965656527553711e+11
3.196510699614075928e+11
3.204312812098399048e+11
3.179874424440557861e+11
3.211014418353630981e+11
3.199062903321016846e+11
3.189364579322794800e+11
3.231320548119434814e+11
3.179383786858730469e+11
3.212364038246192017e+11
3.204099708206819458e+11
3.236675585729961548e+11
3.276805698677145386e+11
3.249072052585462036e+11
3.230316197636386719e+11
3.215920289911360474e+11
3.264259816784935913e+11
3.250365069371301880e+11
3.245241078436022339e+11
3.272205592116917725e+11
3.269466066828426514e+11
3.249321878927206421e+11
3.266793551115393677e+11
3.306746035197036133e+11
3.266513633216370239e+11
3.295421484279891357e+11
3.241968134479790039e+11
3.264919062427816772e+11
3.285585710542944946e+11
3.267303529343527222e+11
3.303470726421810303e+11
3.293501515686311035e+11
3.294702481025958862e+11
3.328400279042283936e+11
3.359555316766407471e+11
3.346138075491959229e+11
3.345218503373878174e+11
3.324450139143766479e+11
3.360506299593088989e+11
3.328334271033293457e+11
3.370936409032696533e+11
3.362681070046268311e+11
3.386874912763892822e+11
3.363877416478859863e+11
3.352462577435155029e+11
3.336687926128494263e+11
3.338875232213234253e+11
3.390969751031805420e+11
3.363867856384813232e+11
3.373909372858822021e+11
3.396752086158584595e+11
3.387390047717171631e+11
3.424044109130452271e+11
3.415967471240842896e+11
3.381113180815529785e+11
3.406744716896806641e+11
3.387913454526798096e+11
3.420942253727645264e+11
3.442849120479249268e+11
3.423155020792656860e+11
3.402271113257113037e+11
3.457732989242762451e+11
3.394051571952879028e+11
3.417260538669750366e+11
3.424086607751928711e+11
3.476473033631031494e+11
3.470086036772167969e+11
3.435766722353367920e+11
3.470801884571254272e+11
3.469258197451836548e+11
3.444521271963375854e+11
3.431804752185427856e+11
3.483811088458103027e+11
3.466256727963022461e+11
3.501808680361320801e+11
3.469867184776129150e+11
3.467500314901732788e+11
3.499778764736987915e+11
3.490580314397528076e+11
3.490916636421799927e+11
3.481459206823554077e+11
3.517772905991702271e+11
3.463562431747344360e+11
3.507886987756479492e+11
3.528568790205846558e+11
3.525294023358883667e+11
3.532397528434530029e+11
3.518653817233069458e+11
3.522553346388318481e+11
3.548553459157127075e+11
3.560785846567976685e+11
3.534150062044757690e+11
3.542235676112015991e+11
3.585788665219291382e+11
3.580131608430396729e+11
3.550302464385536499e+11
3.521755657810173340e+11
3.546725055504845581e+11
3.622637191113878784e+11
3.578221088230335083e+11
3.581551112520630493e+11
3.604423544387086792e+11
3.573980871113182373e+11
3.531314016770702515e+11
3.576861020271085815e+11
3.615680277742313843e+11
3.613918396274893799e+11
3.606111591792453613e+11
3.634964681635209351e+11
3.614737732791068115e+11
3.660790756468228760e+11
3.621576327408022461e+11
3.656218130703308105e+11
3.645043840017575684e+11
3.632480695758051147e+11
3.671291041515917358e+11
3.636972023349299316e+11
3.688036380853807983e+11
3.672265215464573975e+11
3.652875485240553589e+11
3.650505236643951416e+11
3.661190913603096924e+11
3.642910055115877686e+11
3.652755840060866089e+11
3.663822780641971436e+11
3.654444625323229980e+11
3.627758088485330200e+11
3.667213278472113037e+11
3.702411380454979248e+11
3.653643077255565186e+11
3.704453209953175659e+11
3.694799884210019531e+11
3.764073758291742554e+11
3.700333829559072266e+11
3.700171926754317017e+11
3.718909287806928101e+11
3.727407152026953735e+11
3.728810684800433350e+11
3.709452590094152222e+11
3.706933224347512207e+11
3.743636548734244995e+11
3.739164819714121094e+11
3.720966064421844482e+11
3.766892534166840210e+11
3.803618561146520996e+11
3.728680302640678101e+11
3.717075214119298096e+11
3.773204483780706177e+11
3.830690750936546631e+11
3.793997935914962158e+11
3.783467824275729370e+11
3.764293015504806519e+11
3.809304561265515137e+11
3.761933487991107788e+11
3.783863290696939697e+11
3.742689663198980103e+11
3.780222787712945557e+11
3.804251477515289917e+11
3.812973476524817505e+11
3.834055806177416382e+11
3.750440849166201172e+11
3.763261566754099121e+11
3.832486441029788208e+11
3.825376453348823853e+11
3.777384755035974121e+11
3.806490649910321655e+11
3.832164745250270386e+11
3.801523878057371216e+11
3.850937659796758423e+11
3.819204751985242310e+11
3.868510852886874390e+11
3.821835930085615845e+11
3.853804168654089966e+11
3.872002766518813477e+11
3.850860051681905518e+11
3.829672017899696655e+11
3.873501420551769409e+11
3.882333069359083862e+11
3.883346075552590332e+11
3.837718551973115845e+11
3.908383368082785034e+11
3.907773550615476074e+11
3.869359557717122192e+11
3.883806248724993286e+11
3.839456034870687866e+11
3.883129683639576416e+11
3.887162198457244873e+11
3.855810645966802979e+11
3.870471556879895630e+11
3.913886470924373779e+11
3.906548921757086182e+11
3.919891966345108643e+11
3.928120189712250977e+11
3.874559284454501953e+11
3.877889436382271729e+11
3.881731501940902710e+11
3.929409549730204468e+11
3.946813871259367676e+11
3.943828444965950928e+11
3.969017871461224976e+11
3.960293031601422729e+11
3.954156896262144775e+11
3.884561867236548462e+11
3.944809462020825806e+11
3.967512265540296021e+11
3.966053473548215942e+11
3.901402172488715820e+11
3.918470934121412964e+11
3.956497821269871826e+11
3.900572379967310791e+11
3.953466558790257568e+11
3.951610333988909912e+11
3.997744594042196655e+11
4.010010859318842163e+11
3.967667401046364746e+11
4.019466078156948242e+11
4.024541079375814209e+11
3.963304554364376831e+11
3.976426937568002930e+11
4.035657279130385132e+11
4.055314227902947388e+11
4.014704774158818359e+11
4.055153514100839844e+11
4.026778021833896484e+11
4.028877859127130737e+11
3.990481598480229492e+11
3.986944318679345093e+11
3.988368722863090820e+11
4.010272704475401611e+11
3.995628247833458862e+11
4.043422122420671387e+11
4.014712767892931519e+11
4.003950972316552124e+11
4.005573628504229126e+11
4.049712572947797241e+11
4.047710707949895020e+11
4.034466855788342285e+11
4.087863697714515381e+11
4.047748219405123291e+11
4.053316233754584961e+11
4.050278365355017700e+11
4.044418789319296265e+11
4.093585092490036011e+11
4.111481346882020264e+11
4.111742097989365845e+11
4.051407463212683716e+11
4.062771192435347290e+11
4.156482623713333740e+11
4.099768246385100098e+11
4.114820987937161865e+11
4.089481818220337524e+11
4.075820927419136963e+11
4.059185379172655029e+11
4.143069703262097778e+11
4.097312938471976318e+11
4.101299290250570068e+11
4.121410849754994507e+11
4.107792190500275269e+11
4.147442779765229492e+11
4.123698936483182983e+11
4.140391241665864868e+11
4.146788687778114014e+11
4.148151386089753418e+11
4.144506211447289429e+11
4.144767847101424561e+11
4.142981158262711182e+11
4.220294868278192139e+11
4.165793138181339722e+11
4.179913711736089478e+11
4.138332778912949829e+11
4.177686826794077148e+11
4.191253376261615601e+11
4.193205908798610840e+11
4.202086191646694336e+11
4.175102597443738403e+11
4.159221462960103149e+11
4.160719115707263794e+11
4.169503235527326050e+11
4.126557289193610840e+11
4.171944215698203735e+11
4.159476529015913696e+11
4.194476248979662476e+11
4.202836317478081055e+11
4.178971806948313599e+11
4.164898081356980591e+11
4.212645311624464722e+11
4.204858939319547119e+11
4.205923661715694580e+11
4.188094149806822510e+11
4.248256817683634033e+11
4.212374506847100830e+11
4.224692986812958374e+11
4.243634955928488770e+11
4.302476602204801636e+11
4.232608732048628540e+11
4.282638473415571289e+11
4.191210372960354614e+11
4.199543890021048584e+11
4.237267963861168213e+11
4.291009245088367310e+11
4.274807048047774048e+11
4.301503640497285767e+11
4.233926566639579468e+11
4.244394758438298950e+11
4.253065049320479736e+11
4.256882901782814941e+11
4.237388168844598999e+11
4.261346671022367554e+11
4.297597380169687500e+11
4.244480870452518311e+11
4.248957930134580688e+11
4.247910062802145996e+11
4.303747240993425293e+11
4.294529435943623047e+11
4.271673476311367188e+11
4.357795390091503296e+11
4.266783361787635498e+11
4.219691282157556763e+11
4.328514157281705322e+11
4.331090565679550781e+11
4.311495371391613159e+11
4.318821680145676270e+11
4.379356293114425659e+11
4.314884416142933350e+11
4.257040073264648438e+11
4.283238946165239258e+11
4.241692576941453857e+11
4.302773914045660400e+11
4.331767996948829956e+11
4.308646232968021851e+11
4.357909868708442383e+11
4.300751055069660645e+11
4.275640779161388550e+11
4.338199560043805542e+11
4.325144858584637451e+11
4.373224236818331299e+11
4.347151158258707275e+11
4.313818641162962036e+11
4.329325177546864624e+11
4.341621895121239014e+11
4.394188701846052856e+11
4.396222199355231934e+11
4.388089517349894409e+11
4.400572760120376587e+11
4.399594235068794556e+11
4.405355177898292847e+11
4.383183980304341431e+11
4.403198323838164062e+11
4.360407628445200195e+11
4.302991403764154053e+11
4.398011990078833618e+11
4.379347033972644043e+11
4.379987004583674927e+11
4.370360983023945923e+11
4.366315911281135254e+11
4.395985978529644165e+11
4.389262660990666504e+11
4.469037623486795654e+11
4.321830377119028931e+11
4.461760218316316528e+11
4.401525078247313232e+11
4.441356314766282959e+11
4.444651001524448242e+11
4.357362326236043701e+11
4.468180865699918823e+11
4.443261529651862183e+11
4.434491198015197754e+11
4.420596038996124268e+11
4.398874911480098267e+11
4.426194606543364258e+11
4.431244491187893677e+11
4.511850490878862305e+11
4.369508256893496094e+11
4.417935457974390259e+11
4.469952522036851196e+11
4.414940294740501099e+11
4.463696901776794434e+11
4.453656305531124268e+11
4.386957492909443359e+11
4.447329706864840088e+11
4.486118295374385986e+11
4.489679977934288330e+11
4.421833683010709839e+11
4.466105816628602905e+11
4.576721137012189941e+11
4.434169128545623169e+11
4.440742753748026733e+11
4.433194610479992676e+11
4.520154809279879761e+11
4.458944754403151855e+11
4.479929968531401978e+11
4.442939491013322754e+11
4.550631651506849365e+11
4.479961909705625000e+11
4.450075826293729248e+11
4.510231379943760376e+11
4.465558311126567993e+11
4.508501289880602417e+11
4.495836387910463867e+11
4.526314862023138428e+11
4.481169039537973633e+11
4.488449325831810913e+11
4.579065399077145996e+11
4.562708776354857788e+11
4.509008454125306396e+11
4.574014087696124878e+11
4.511649226230599365e+11
4.544257851626727295e+11
4.483595271327911987e+11
4.514476786982687988e+11
4.493492416664442139e+11
4.566806743368444824e+11
4.444632749514927368e+11
4.522014329109313354e+11
4.478676592902170410e+11
4.583461852580538940e+11
4.513429320894868774e+11
4.593925243087116699e+11
4.613583327413011475e+11
4.582777974123355103e+11
4.651151513827987671e+11
4.521669530013478394e+11
4.513267076700977783e+11
4.604105421031287842e+11
4.579209733882788696e+11
4.575460572252547607e+11
4.547298883663529663e+11
4.567301070433936768e+11
4.564317114794489136e+11
4.531398346971943359e+11
4.611018763747344360e+11
4.513836874444611206e+11
4.539692790328374634e+11
4.499236817896978149e+11
4.583011960648721924e+11
4.552122255393419189e+11
4.572511783386472778e+11
4.562467938953374023e+11
4.554552196003486328e+11
4.585966541609785156e+11
4.636071305592780151e+11
4.576536762002355957e+11
4.626009929317864380e+11
4.582921025002235107e+11
4.690795146771107178e+11
4.565192516077587280e+11
4.621489500723970947e+11
4.619974143827140503e+11
4.593823526841177979e+11
4.661454276171566772e+11
4.608165402918983765e+11
4.692635850682861328e+11
4.567726205069340210e+11
4.532669068389593506e+11
4.635433390137515259e+11
4.624088624037559204e+11
4.559756619347326050e+11
4.628946996741516113e+11
4.611472614201785889e+11
4.710072341243186646e+11
4.601286589951909790e+11
4.651914970001624756e+11
4.664434178961990967e+11
4.596556348969907227e+11
4.626198309810584106e+11
4.590067491224880371e+11
4.625751797667424316e+11
4.614993119919559937e+11
4.561459163454108887e+11
4.606287007566248779e+11
4.578607782784299927e+11
4.629451314663985596e+11
4.606786407404758301e+11
4.523739562486064453e+11
4.548790668816672974e+11
4.623861792767693481e+11
4.566133775886918335e+11
4.639578327460809326e+11
4.665646161670048218e+11
4.624852790002247925e+11
4.775401523712283325e+11
4.655158942688463745e+11
4.653038020863507080e+11
4.652797207948701782e+11
4.650658169631962891e+11
4.686376094744989014e+11
4.671294979101884155e+11
4.589170519355036011e+11
4.677767085773775024e+11
4.599381639771044922e+11
4.632812610054963379e+11
4.593641518724803467e+11
4.662147713425329590e+11
4.613847052073719482e+11
4.578617129919356689e+11
4.673044219445017700e+11
4.678318528981002197e+11
4.697136511574053345e+11
4.718481304082628174e+11
4.762257286397468872e+11
4.682974955531240234e+11
4.662199753775015259e+11
4.794602291143468018e+11
4.654395750157813110e+11
4.773472256674851685e+11
4.712788810338930054e+11
4.728862371140144043e+11
4.756768245126431885e+11
4.686066279391570435e+11
4.715946246521565552e+11
4.731130795418835449e+11
4.714135909865456543e+11
4.806721687759082031e+11
4.651771582248839722e+11
4.693869561696932373e+11
4.774473446408800659e+11
4.782798357736470337e+11
4.641206583473405762e+11
4.750370250764603882e+11
4.719814775553740845e+11
4.764090783465684814e+11
4.751762679348315430e+11
4.695236787229627686e+11
4.754938112675366821e+11
4.758889583685076904e+11
4.746070191361520386e+11
4.696218645065400391e+11
4.765670511348580933e+11
4.792453982519708862e+11
4.871657348759586182e+11
4.756371121492031860e+11
4.744171189010516968e+11
4.786538918008674927e+11
4.761259579440225220e+11
4.698651889815396729e+11
4.607661348717713013e+11
4.749401863320725708e+11
4.760714460466394653e+11
4.687468199579703369e+11
4.707253452833859863e+11
4.719059561065757446e+11
4.713785677531001587e+11
4.732299197789797974e+11
4.882901440153169556e+11
4.754985100613183594e+11
4.706481765299710083e+11
4.759774426301766357e+11
4.712104776474630737e+11
4.807685868797442627e+11
4.803408482918486328e+11
