1.656290796642784017e+03
1.538922518792943492e+03
1.359571039753910327e+03
1.302216248267057608e+03
1.393767882716329495e+03
1.457910027310561190e+03
1.396193133990094339e+03
1.562935213700777240e+03
1.554594648834935242e+03
1.533854198033178363e+03
1.390086108422719235e+03
1.456410377889659003e+03
1.238197376467251843e+03
1.493141807697267950e+03
1.501586730596358393e+03
1.475381676331257040e+03
1.524826492800781580e+03
1.449933183234565149e+03
1.400741425472336232e+03
1.465973735722294350e+03
1.530376479571233176e+03
1.441439976949668790e+03
1.514786612171980551e+03
1.435878324047365822e+03
1.479319063077056398e+03
1.393265967416994272e+03
1.401752652723961091e+03
1.479448753702197109e+03
1.425755942029694779e+03
1.338506611717026544e+03
1.358987772961463861e+03
1.448678145357010180e+03
1.534969757556768855e+03
1.342687222469770859e+03
1.479420272281497319e+03
1.436523886081742148e+03
1.431760269737444560e+03
1.485710896210971669e+03
1.437003574918240247e+03
1.460729758195288696e+03
1.499637510039360677e+03
1.456764444629845684e+03
1.486381474689414290e+03
1.492870115612347035e+03
1.485228648039621248e+03
1.430337203426759743e+03
1.423598024529255781e+03
1.496072573937638026e+03
1.452621160377246724e+03
1.444876897520173998e+03
1.487615220630956401e+03
1.460362827994588088e+03
1.458752710325268481e+03
1.438258458834597377e+03
1.487036460187659031e+03
1.458616729687441648e+03
1.438173084035409829e+03
1.352843369828437289e+03
1.496707229490684540e+03
1.420070748939635678e+03
1.402919813299440648e+03
1.587229804741087037e+03
1.788413623845509164e+03
1.555425762410855441e+03
1.362326714853062867e+03
1.563559129915983021e+03
1.606644561506729360e+03
1.589408403702838996e+03
1.448957753300258446e+03
1.642274211231732124e+03
1.672943571810149479e+03
1.398792565087070898e+03
1.565387969774911426e+03
1.468370376916452869e+03
1.430744032276853204e+03
1.988892857131521623e+03
1.834908843515865328e+03
1.520149980976592815e+03
1.731113523952995365e+03
1.508065332528664385e+03
1.517620273273104885e+03
1.606159497539197901e+03
1.549452086167272682e+03
1.703068452726078476e+03
1.698972481605481335e+03
1.498222140665520783e+03
1.777345073444514128e+03
1.749662201034154123e+03
1.486354095560884389e+03
1.801651743630294050e+03
1.692213208170527651e+03
1.665766520746052720e+03
1.652531272463256755e+03
1.600976348453676792e+03
1.694065229182004487e+03
1.692335742466614647e+03
1.713533232074482612e+03
1.619147136323705581e+03
1.645644176836494808e+03
1.626594621034126931e+03
1.658840112135105983e+03
1.675987138496447415e+03
1.696853472152325139e+03
1.638598608223165456e+03
1.655656626215204142e+03
1.623209748873772696e+03
1.635341019021346256e+03
1.618507814239398158e+03
1.682423849110855826e+03
1.682210160172715632e+03
1.712051400240206249e+03
1.643003142443214756e+03
1.709462791242691083e+03
1.699216418537399704e+03
1.696812233935207360e+03
1.677184723703041300e+03
1.708869731556036868e+03
1.677731942870063222e+03
1.728761337413711317e+03
1.720151739575982447e+03
1.694149146423110324e+03
1.726798312780022115e+03
1.758987334620165711e+03
1.797556585298674463e+03
1.739321650285436817e+03
1.747097162570025603e+03
1.717425154264398770e+03
1.747514377578298536e+03
1.734673622552224060e+03
1.768067363121222797e+03
1.722120199863230027e+03
1.816526423997183201e+03
1.754938233244241019e+03
1.764990345067515818e+03
1.805378985724271161e+03
1.813550795418174175e+03
1.808439174313976537e+03
1.853009571890647976e+03
1.818529987537772968e+03
1.824663883708906724e+03
1.833654938330701953e+03
1.855274228891021039e+03
1.843594130749787155e+03
1.839537909551007260e+03
1.886693289941519424e+03
1.875272930812393042e+03
1.813812507903995993e+03
1.889836845997158662e+03
1.814764310864554318e+03
1.876941926481792507e+03
1.872774253738154357e+03
1.842315950992875287e+03
1.862562876293699674e+03
1.865606313208213578e+03
1.964882328077009333e+03
1.968969438014867592e+03
1.997426036312221640e+03
1.950936005794909079e+03
1.896455005987429786e+03
1.938073579829965411e+03
1.954211793205357708e+03
2.020370800864837292e+03
1.950334199281560359e+03
1.949628101700040816e+03
1.996543011284001068e+03
1.995644865931867798e+03
1.985186805462353732e+03
2.003686317850201476e+03
2.015195244216917899e+03
2.004108826781653761e+03
2.016019682568215785e+03
2.048848014765100743e+03
2.061408758592716822e+03
1.969684013178220312e+03
2.020336747005210327e+03
2.027031666705744328e+03
2.063199309957892183e+03
2.110236936134829648e+03
2.081852600226051436e+03
2.075294951110871807e+03
2.104080297021929255e+03
2.047453330310229603e+03
2.079857175830640244e+03
2.114406701550340131e+03
2.079001592461897417e+03
2.073785248501975730e+03
2.160046008438259832e+03
2.183636876427586685e+03
2.122963912550949772e+03
2.141985508728569584e+03
2.055584392780668168e+03
2.138466503266577547e+03
2.148545683906273098e+03
2.109138315477868673e+03
2.184229564305676377e+03
2.174645435461859051e+03
2.163136842153652651e+03
2.146581512169495909e+03
2.167569568345931657e+03
2.183921985281487650e+03
2.155764166576732350e+03
2.196965970909415319e+03
2.175184835631557235e+03
2.178976027502525994e+03
2.217007946067812554e+03
2.213417981501014765e+03
2.246516128037967519e+03
2.206278071922990421e+03
2.210051002121289002e+03
2.216961792556847286e+03
2.272269254328973602e+03
2.243623641480565766e+03
2.233622702538801150e+03
2.298001791440536635e+03
2.260874246166801640e+03
2.266733682418798253e+03
2.272624978370947701e+03
2.259293410965083694e+03
2.316739373221189908e+03
2.307966160439753821e+03
2.351418970010198336e+03
2.283248880797644233e+03
2.352949842969365363e+03
2.314032356898288981e+03
2.350281230449174927e+03
2.341557223440144753e+03
2.363112323381344595e+03
2.312074341330308471e+03
2.336818757638961870e+03
2.364534986184574336e+03
2.360547206735290729e+03
2.318046962818430984e+03
2.346673612025429975e+03
2.356665053050756342e+03
2.383789933907813520e+03
2.386140133644402340e+03
2.323437666480786447e+03
2.343274940847876223e+03
2.413304456998968817e+03
2.353981705767910171e+03
2.377830516980217908e+03
2.369619137581527866e+03
2.396466645874277674e+03
2.402969848134455788e+03
2.480882260039512403e+03
2.417380887210898436e+03
2.389650537143720612e+03
2.407997057582738762e+03
2.447184079036243020e+03
2.420769273251742561e+03
2.430905796592505340e+03
2.488834754603797137e+03
2.520332455644577749e+03
2.510386599496066538e+03
2.502980165858550663e+03
2.553678355282918801e+03
2.852237866398919323e+03
2.847851479849324733e+03
2.573465087801734171e+03
2.766489849230675645e+03
2.919362824183466273e+03
2.322527615656390481e+03
1.915137659889774341e+03
2.279988315709634207e+03
3.075594272342417298e+03
2.262660126236801261e+03
2.191754848954448335e+03
2.240820428321321742e+03
2.678598866243921748e+03
2.141712627278556283e+03
2.034246237123350738e+03
3.434642960214618597e+03
2.477137149928043073e+03
2.945094382367667095e+03
3.038244294449905738e+03
1.771328349257582659e+03
1.965974190684502219e+03
2.779522821035586730e+03
2.089079026096934285e+03
2.541945119666125720e+03
2.671588201208993269e+03
2.485035495391531640e+03
2.537920459325337106e+03
2.273619950587420135e+03
2.279445226366129191e+03
2.877464084642624584e+03
1.980658515162975391e+03
2.102273613210402345e+03
2.843408731255342900e+03
1.981837177993600108e+03
2.383689039816061722e+03
2.282228114869511046e+03
2.256066017215578995e+03
2.503194800146372017e+03
2.408119437590898997e+03
2.452601524882893045e+03
2.453696125309344552e+03
2.543510984918989379e+03
2.633006018844117534e+03
2.610014929743450921e+03
2.613992419385933772e+03
2.665096373798399782e+03
2.618628520293277688e+03
2.676613203785789210e+03
2.619926138373348294e+03
2.635248741734792020e+03
2.689087347144029991e+03
2.656898695812551978e+03
2.691665687766431347e+03
2.639035636354118651e+03
2.658167435895327344e+03
2.668172016636921398e+03
2.724901454165080850e+03
2.700851427780778067e+03
2.659334366592000606e+03
2.707274013581938107e+03
2.733840367843151398e+03
2.727298820065739619e+03
2.725983136272039246e+03
2.699643988046545473e+03
2.738532230604012057e+03
2.733924216312095723e+03
2.673389602648935124e+03
2.746504705648153958e+03
2.762618433306563475e+03
2.767830394754269037e+03
2.744978930243188643e+03
2.760887128163957641e+03
2.796906394750644722e+03
2.728136199334484900e+03
2.718736440944140668e+03
2.727935880736289164e+03
2.733944145928169746e+03
2.668390951230713654e+03
2.745668988434995299e+03
2.724855553975259681e+03
2.704256079041314933e+03
2.794939765147204525e+03
2.756622201062485146e+03
2.735676839041416315e+03
2.761699881515787638e+03
2.729252678061404822e+03
2.761007156420108004e+03
2.775021894850285207e+03
2.719012438184944131e+03
2.727501489646595019e+03
2.799819038205376273e+03
2.768036406721632375e+03
2.793297941152745807e+03
2.770990635158470923e+03
2.773173548649003351e+03
2.822925248629642738e+03
2.762298542977640864e+03
2.777160680500196122e+03
2.770900030637238615e+03
2.814834712180763290e+03
2.782309441900035836e+03
2.802611358330587791e+03
2.807779748830927474e+03
2.809242660209469250e+03
2.776803551465142391e+03
2.799452453664870063e+03
2.770697124494058698e+03
2.790496162230745085e+03
2.784036039606422037e+03
2.804127416541032744e+03
2.787200620732992320e+03
2.805452733462770993e+03
2.814447158579584084e+03
2.797769320135562793e+03
2.760381696930209728e+03
2.768752073884053061e+03
2.773599194874172554e+03
2.804417959343272742e+03
2.789545904186423286e+03
2.837187540007178995e+03
2.813686257219635536e+03
2.822511612209038958e+03
2.828379754352214604e+03
2.833543026996615481e+03
2.834964970765980979e+03
2.829008855738027705e+03
2.847669647040369910e+03
2.797365721453079914e+03
2.832024326147424290e+03
2.833529306949766578e+03
2.804968468549554018e+03
2.744861296991023664e+03
2.810371355742797732e+03
2.817698990273549043e+03
2.818977082586115102e+03
2.860414400107901201e+03
2.810431583967824281e+03
2.786895050960357366e+03
2.795042473746810174e+03
2.814688804068277932e+03
2.848972675694699774e+03
2.865423990628282809e+03
2.857863298324671632e+03
2.810192207192486876e+03
2.813125725941627024e+03
2.856940723371875720e+03
2.834119433550378744e+03
2.782843489016354397e+03
2.817651524856603828e+03
2.822849227031912051e+03
2.804614795517532457e+03
2.878250802774515250e+03
2.836685677007415052e+03
2.848442303094215276e+03
2.789388663983838342e+03
2.791094093878798958e+03
2.809527847801286043e+03
2.829274610317045244e+03
2.827418979110193504e+03
2.848838717452631954e+03
2.843094913802371593e+03
2.807180459868787239e+03
2.800356610582977282e+03
2.837419884417648973e+03
2.828312656577714279e+03
2.817445325350350686e+03
2.828410089257434265e+03
2.844308654426069097e+03
2.839975467819035202e+03
2.805809868671199183e+03
2.850569727538485495e+03
2.836936999188088066e+03
2.848029992276355188e+03
2.857460420059280295e+03
2.852624308581358946e+03
2.858396091958747547e+03
2.815941734398763401e+03
2.804811993338386856e+03
2.811266800784162569e+03
2.816219616878390298e+03
2.846049225020307858e+03
2.844377549075543811e+03
2.780597291989248788e+03
2.850543306990315614e+03
2.831543066291773812e+03
2.841475725643391343e+03
2.829492877521125138e+03
2.858500310833133426e+03
2.810405561176177798e+03
2.832879580669797178e+03
2.873009237446100087e+03
2.859262979783547962e+03
2.818267252473455301e+03
2.837047015677050695e+03
2.839348807669357939e+03
2.801177897766613114e+03
2.802491751644821761e+03
2.864562586551551703e+03
2.815968797852726311e+03
2.851104353664304654e+03
2.811146304513588802e+03
2.803969807637908161e+03
2.792710798334484025e+03
2.803788850360127981e+03
2.852284670430364258e+03
2.861823722914854443e+03
2.816256072171730466e+03
2.833117203011721358e+03
2.800873910152362896e+03
2.849666973151917773e+03
2.797600940012596311e+03
2.798544315877335066e+03
2.824115451984822357e+03
2.803481291000114197e+03
2.833741724299722136e+03
2.770707352198335684e+03
2.768047406095300175e+03
2.849485141956683947e+03
2.826915455924055550e+03
2.768599520623944045e+03
2.770462059728256463e+03
2.765189275076547347e+03
2.794036504495280951e+03
2.784255213970256136e+03
2.804590966744291563e+03
2.811094895194098171e+03
2.773737962923533360e+03
2.816209439730488612e+03
2.838167806152766389e+03
2.790957498868653602e+03
2.835670136966774862e+03
2.826810622340313330e+03
2.809770369932734411e+03
2.792448221063646542e+03
2.812556270224227319e+03
2.754517463856004724e+03
2.814150688574850847e+03
2.796586015717884493e+03
2.728315718176356313e+03
2.763039124330256982e+03
2.756991656407908522e+03
2.810787524826213485e+03
2.730991202660774888e+03
2.814471449403318275e+03
2.766095953553742220e+03
2.750239631208552510e+03
2.751192799999190356e+03
2.761003395750800792e+03
2.768267858852705558e+03
2.759806851369514789e+03
2.767537839997063202e+03
2.815822052057074870e+03
2.771503865677475460e+03
2.743359498601495943e+03
2.773950273807788562e+03
2.751108733193068929e+03
2.722998483880525782e+03
2.746504412977760694e+03
2.755630325109756996e+03
2.772886818870595562e+03
2.736547500310839951e+03
2.746077744883146352e+03
2.739093570903338332e+03
2.776350316007051333e+03
2.754641145127494383e+03
2.746173678632491828e+03
2.747785107187995436e+03
2.714285316267845701e+03
2.736697015017870399e+03
2.706039578926573995e+03
2.768245044853255877e+03
2.709934368545305006e+03
2.701841367190212168e+03
2.723027241086230333e+03
2.759105622237383159e+03
2.731658884943644807e+03
2.755027911527111883e+03
2.780816437026682252e+03
2.755551537661031034e+03
2.729591106639460122e+03
2.766092399313060469e+03
2.684686854142929405e+03
2.726853056615939295e+03
2.743904898492505254e+03
2.682761989360795724e+03
2.706009120956928655e+03
2.773027734855401377e+03
2.727000831458315588e+03
2.736703844855434454e+03
2.754504104012936295e+03
2.727745418934951886e+03
2.727561993614463518e+03
2.725132082781805366e+03
2.751930896862048030e+03
2.709411600468728011e+03
2.721039349512736862e+03
2.709278084851633594e+03
2.706384117552824591e+03
2.707314936337711970e+03
2.701405292702055249e+03
2.685605054160133932e+03
2.721194696843573183e+03
2.718999901622661127e+03
2.685346252247278244e+03
2.752934986209025283e+03
2.658150294240557741e+03
2.691540409883093162e+03
2.733574229584239674e+03
2.695337470293284241e+03
2.692199177041194162e+03
2.704376566193000599e+03
2.671258615771733730e+03
2.691906629762366265e+03
2.628853161083204213e+03
2.691822559457293210e+03
2.731887423724133441e+03
2.719916758452306567e+03
2.696208223218464809e+03
2.670433866300544196e+03
2.661049359179976818e+03
2.654650705726636261e+03
2.682127147527502530e+03
2.675843790418049593e+03
2.653320700800173654e+03
2.620802345421634982e+03
2.636143671024517516e+03
2.635257331264215736e+03
2.665692565313570412e+03
2.701642472390935836e+03
2.682134240630491149e+03
2.712593691392347409e+03
2.719154253270986828e+03
2.673412638046683242e+03
2.621778352604316751e+03
2.664802589457566683e+03
2.671995557699000074e+03
2.676118372137583719e+03
2.704784549471516584e+03
2.670800351422426047e+03
2.648156844588824697e+03
2.669208601515701957e+03
2.650138465307103615e+03
2.690646035303759163e+03
2.656989841920794788e+03
2.672736949752717464e+03
2.618813957223381749e+03
2.627852108258227418e+03
2.652320683996636035e+03
2.664408880032488469e+03
2.700343717139862292e+03
2.671280568941764614e+03
2.650222771601736895e+03
2.664240176011527183e+03
2.643702308191869179e+03
2.697469082482078193e+03
2.701276887819299191e+03
2.689107982250589885e+03
2.609470167401213075e+03
2.683285893351560389e+03
2.626296176398485386e+03
2.676669383220255440e+03
2.700159487893531605e+03
2.660230242995321987e+03
2.691787032122976598e+03
2.663718657136360434e+03
2.647418287046619298e+03
2.660691549783631672e+03
2.622346144280426870e+03
2.585985781607533681e+03
2.652830922332130740e+03
2.602644069211531587e+03
2.645364962519288838e+03
2.626010171522867040e+03
2.662624073732047691e+03
2.625194858902587839e+03
2.635091018357292342e+03
2.615870294233184268e+03
2.657828161943209579e+03
2.657184996768347446e+03
2.693549837532993024e+03
2.670796212567001476e+03
2.634215096221872955e+03
2.669441017714996178e+03
2.632925631836710181e+03
2.617986284018085826e+03
2.618163995911557777e+03
2.588028220609799973e+03
2.597617588798248107e+03
2.659699628608134844e+03
2.624744704353116958e+03
2.639112145470846826e+03
2.626326642609421924e+03
2.604426827179921474e+03
2.634140010318360055e+03
2.644270369976446545e+03
2.621843795285512897e+03
2.662903569319330472e+03
2.648093530858016493e+03
2.621936139297402406e+03
2.581709179509937712e+03
2.593884685029005595e+03
2.641217198493009619e+03
2.592935794773642101e+03
2.630471491513916135e+03
2.612626532754070467e+03
2.626869247787682980e+03
2.594490712161329157e+03
2.631272758045050978e+03
2.637925677033843840e+03
2.604297096579143727e+03
2.657765643911950974e+03
2.643626169347488030e+03
2.608960896228274578e+03
2.611652245243220932e+03
2.635281149906475548e+03
2.621764185762029228e+03
2.647044694658164644e+03
2.607141123178603266e+03
2.593407078210021609e+03
2.637033201481443939e+03
2.611346301439022227e+03
2.622411313089944088e+03
2.633178432759960288e+03
2.624955250084042291e+03
2.594454375887553851e+03
2.616257526000537837e+03
2.622866028361660028e+03
2.580246911589639694e+03
2.570373151695695014e+03
2.596473523427006057e+03
2.648196658822294012e+03
2.606625358852079898e+03
2.556552250736931910e+03
2.602544574658322745e+03
2.579294266209001307e+03
2.628963588622416864e+03
2.580598075701147991e+03
2.670806542858116245e+03
2.647945035071743405e+03
2.613203942121611362e+03
2.616368037605149766e+03
2.600623959982485758e+03
2.621771995998515195e+03
2.581993165485279860e+03
2.576755547851222218e+03
2.614414078618974145e+03
2.573828990036761297e+03
2.583143546998197507e+03
2.599903279037894208e+03
2.569240435145840820e+03
2.597662291035381259e+03
2.524672971262558349e+03
2.571175162746326350e+03
2.624842843066783189e+03
2.595898424065766449e+03
2.607356699599237800e+03
2.657409356816544914e+03
2.599562696668561330e+03
2.604163035905183733e+03
2.581174698318898663e+03
2.646244854404170383e+03
2.634931503542974497e+03
2.605238256570302383e+03
2.644978144900823281e+03
2.576588635083032841e+03
2.619417343652415639e+03
2.561655390921523122e+03
2.614018731336635028e+03
2.582022558403252788e+03
2.613729282868758673e+03
2.561802695173802022e+03
2.585347004646745063e+03
2.617835414347271580e+03
2.622829188094485289e+03
2.585145576707870077e+03
2.574120872920114834e+03
2.585057675483558342e+03
2.565979081960315852e+03
2.539569141117085564e+03
2.625315816997200272e+03
2.595795105831105502e+03
2.619026388783304355e+03
2.540506969298210606e+03
2.562169384691585947e+03
2.624126543564769236e+03
2.634501376667132718e+03
2.542176520227375477e+03
2.602184101421072683e+03
2.581299119536393846e+03
2.652161066803475478e+03
2.615414798916504424e+03
2.582639316159170903e+03
2.594716994836529011e+03
2.540762853883071784e+03
2.631472763037837467e+03
2.621422297192746100e+03
2.580022093542273979e+03
2.588907495546828613e+03
2.637431817619801677e+03
2.608220165383781932e+03
2.623238790013479047e+03
2.596591359147250387e+03
2.562083679616551308e+03
2.610101201478787061e+03
2.553234390120067928e+03
2.648777155873765423e+03
2.595582536671601702e+03
2.565255435235088044e+03
2.604477998915715943e+03
2.596988404320876271e+03
2.590914994778874188e+03
2.599171590720219683e+03
2.558224925155001074e+03
2.681659970361538399e+03
2.549177779745039516e+03
2.551000246778114160e+03
2.594146881401862629e+03
2.607681988395899225e+03
2.646917862625301950e+03
2.606593793628482672e+03
2.618526045465013794e+03
2.620028218521904819e+03
2.616138556927282934e+03
2.589871587035685479e+03
2.635004194873533834e+03
2.640919106330556588e+03
2.607992966650521339e+03
2.663457091444544858e+03
2.601351929472398297e+03
2.624994861684843272e+03
2.589343232404779428e+03
2.594461421049593355e+03
2.576079356016436577e+03
2.604491637951069606e+03
2.597150978994319757e+03
2.597007734924066426e+03
2.667763454353647376e+03
2.583520930545706051e+03
2.595697564452980259e+03
2.582198324438380951e+03
2.627773667438093980e+03
2.657674317308480113e+03
2.563918115492800098e+03
2.649283863398503399e+03
2.589928508189113927e+03
2.625840513674735121e+03
2.626647180354394095e+03
2.583701743493734739e+03
2.598959602688660652e+03
2.536741147237230507e+03
2.582092302240693243e+03
2.619773008764932911e+03
2.600457431095546781e+03
2.575673188282123192e+03
2.554104829648686518e+03
2.565829532051751357e+03
2.547941682167385807e+03
2.613934058790768631e+03
2.566724224003633935e+03
2.630965637347663687e+03
2.573489023133576666e+03
2.595582074988780278e+03
2.596822347341443219e+03
2.588188869706073547e+03
2.583297029392237619e+03
2.596280729829647953e+03
2.605581740624655595e+03
2.639852803629492428e+03
2.631984771544423438e+03
2.617261945272346111e+03
2.626622559424346036e+03
2.554889357794950229e+03
2.627875691044862378e+03
2.585834208569066050e+03
2.633641398641284013e+03
2.628139953925009650e+03
2.608182424368557349e+03
2.565943491204324800e+03
2.551938696061626160e+03
2.586282119256440637e+03
2.576804939454630585e+03
2.548926381181471697e+03
2.567588270904238016e+03
2.563418271341616219e+03
2.608885275343478042e+03
2.609340976701296768e+03
2.664083435446505518e+03
2.576626700274630366e+03
2.578019606247351476e+03
2.600515892409797743e+03
2.560648583452621097e+03
2.606700953509668125e+03
2.593001429136526895e+03
2.591320895059370741e+03
2.552562565270683535e+03
2.604556135263194392e+03
2.533877254536683722e+03
2.559793247202618204e+03
2.565136841673067465e+03
2.621656253870808996e+03
2.544710637805751958e+03
2.554079618738539011e+03
2.577139669063608835e+03
2.611239523220351202e+03
2.547941289791522195e+03
2.521392534033500851e+03
2.572519107092436116e+03
2.544625027509891879e+03
2.604677360208585924e+03
2.582832787286292842e+03
2.577271004030703807e+03
2.602542245407012160e+03
2.630556485895062451e+03
2.587381855811700007e+03
2.586769718187160379e+03
2.592642275658717608e+03
2.526238275273827639e+03
2.592684122590320840e+03
2.626636556151329387e+03
2.577725253161285764e+03
2.590681302169813989e+03
2.573328759464551240e+03
2.591952346144799321e+03
2.564194484876555180e+03
2.607897880922255354e+03
2.566504235063382112e+03
2.556674139386336719e+03
2.549257341370732775e+03
2.603697377295786282e+03
2.526390570864119582e+03
2.575046038944246902e+03
2.592829880483398028e+03
2.639197084069599441e+03
2.541502333872881536e+03
2.557477441649539287e+03
2.556372913092302497e+03
2.582696784323476550e+03
2.526600187773780817e+03
2.565274963685915736e+03
2.601789535665535823e+03
2.616300128245914038e+03
2.584138092804017560e+03
2.580565185622637273e+03
2.605675785205770808e+03
2.650576601588064023e+03
2.606683818452192554e+03
2.591149206888843764e+03
2.585947603549813266e+03
2.591675004355779492e+03
2.554006848462234302e+03
2.597790516530857076e+03
2.698815830252742217e+03
2.576126643981620873e+03
2.551832965473494369e+03
2.565136920498384370e+03
2.568267213121795066e+03
2.495387897283656002e+03
2.559665448366508826e+03
2.623388678884602996e+03
2.586977358517923221e+03
2.594947441376074039e+03
2.579575330029508223e+03
2.589173293748664946e+03
2.556592937979387898e+03
2.564483880042612782e+03
2.604853255276833352e+03
2.705451466690300094e+03
2.573093718035719121e+03
2.583242883936685303e+03
2.558028083446846722e+03
2.589053376189017854e+03
2.620129628584520560e+03
2.582992241674407978e+03
2.567465910324093329e+03
2.557307784835752500e+03
2.549253737677274330e+03
2.535936577895351547e+03
2.571253814004028754e+03
2.609693792307962667e+03
2.524091919563386909e+03
2.529938278905834977e+03
2.569230687739582663e+03
2.670654166219695981e+03
2.684771128507673438e+03
2.580092754025166414e+03
2.575191649906003931e+03
2.621616658871186246e+03
2.577794776216014270e+03
2.603669739386485162e+03
2.531189852060653266e+03
2.575241880799343562e+03
2.527426960923519346e+03
2.673157741297557095e+03
2.561549859777343499e+03
2.526579493474844639e+03
2.503397756415705317e+03
2.570684936824917713e+03
2.643938910913071595e+03
2.490098717045970716e+03
2.540046530219269698e+03
2.573413903490912162e+03
2.552118171386144240e+03
2.624084722790684737e+03
2.562616690459275105e+03
2.609248297624443694e+03
2.486893229986038932e+03
2.649763559208910920e+03
2.621110051387808653e+03
2.548518880971733779e+03
2.574897335796308198e+03
2.574991322339806175e+03
2.592219433181406202e+03
2.656352600722770603e+03
2.547520677078955032e+03
2.585201125803418108e+03
2.579717284218410896e+03
2.600560263890736223e+03
2.572977158995197897e+03
2.430898665959402933e+03
2.599194426772214683e+03
2.595795654418081540e+03
2.567532187454934956e+03
2.502969456485597220e+03
2.602907588890658644e+03
2.573693248830628818e+03
2.621862019142326972e+03
2.529051084352181533e+03
2.535313535737585880e+03
2.564804744709428633e+03
2.512650178684412367e+03
2.602803318624456097e+03
2.579398804330389339e+03
2.586572373067065200e+03
2.583409268706792773e+03
2.615457228685299469e+03
2.600216380490260235e+03
2.446000863307867803e+03
2.518932327296505264e+03
2.590547214835839895e+03
2.527704444564255482e+03
2.515222459915944000e+03
2.502315925494567182e+03
2.596860437313513103e+03
2.507366763546197035e+03
2.581094183322946265e+03
2.510354287127759562e+03
2.675953274388253703e+03
2.610679288202710723e+03
2.604859106303952103e+03
2.559738817739427759e+03
2.630581009703715154e+03
2.489550374941625705e+03
2.484218599353458558e+03
2.571507636530866421e+03
2.528155331915173974e+03
2.604177790294755596e+03
2.656003014444061137e+03
2.536636416952357195e+03
2.560244886632819089e+03
2.521984413753131321e+03
2.542589878930348277e+03
2.524253220880041226e+03
2.548513203065832386e+03
2.562307732393802780e+03
2.537341825811595299e+03
2.596988453312177171e+03
2.558970022655303637e+03
2.598279482731862572e+03
2.564072028624561426e+03
2.589934966441569031e+03
2.554779757293978491e+03
2.620931127095593183e+03
2.583222129331454653e+03
2.557806690550354688e+03
2.507187324786998488e+03
2.554288436508970335e+03
2.558584368450192414e+03
2.617934768176136458e+03
2.515274663024151778e+03
2.566729176823308990e+03
2.524607947819572018e+03
2.624990322804517746e+03
2.587129876413638158e+03
2.537831317926621523e+03
2.559401191027330697e+03
2.467380996509164106e+03
2.562540776944597383e+03
2.690799293330307592e+03
2.536342282920194066e+03
2.549720590794187046e+03
2.633303974604149971e+03
2.549158160427679377e+03
2.607452748939545017e+03
2.488740898545972868e+03
2.606892167250321108e+03
2.563167612479987838e+03
2.551339688175165975e+03
2.611834426508671186e+03
2.581426430434005852e+03
2.613771363497606217e+03
2.662905789634749453e+03
2.611237257324631173e+03
2.681205550720028441e+03
2.586732256676954421e+03
2.657599368579538350e+03
2.619261035868468753e+03
2.643123409338326837e+03
2.741876681929245933e+03
2.680508812335349376e+03
2.583746675536635848e+03
2.642562823276765357e+03
2.576701754892204463e+03
2.504845088638317520e+03
2.591053934236736040e+03
2.438014688291032144e+03
2.582963839488501435e+03
2.592798665029636140e+03
2.565585785791847229e+03
2.551059453541005496e+03
2.566548105898376434e+03
2.571385161357337893e+03
2.654681299050098005e+03
2.544286413341048501e+03
2.690280292834476313e+03
2.612417789014460595e+03
2.666024283984486374e+03
2.614709507305637999e+03
2.733180798053565013e+03
2.687355657833928490e+03
2.643178630734668786e+03
2.535901395456156479e+03
2.525468492307682027e+03
2.543817671015712676e+03
2.557709786025122412e+03
2.617094158371866342e+03
2.667760877144840833e+03
2.464740166981926450e+03
2.608039461871097046e+03
2.500528219035801158e+03
2.560633628766604033e+03
2.522987859327869501e+03
2.520511923770650810e+03
2.628386320965390951e+03
2.538712681702180817e+03
2.527567052860641525e+03
2.541377803005353144e+03
2.511211088890623159e+03
2.654047823175869325e+03
2.583102012881011433e+03
2.595649432678892481e+03
2.489653557500547777e+03
2.574438396808936432e+03
2.583517421381529402e+03
2.615986201216587688e+03
2.548838648082595228e+03
2.567444688314667019e+03
2.693619721791816573e+03
2.557313092110242451e+03
2.490805243860420433e+03
2.529204447946081473e+03
2.531563937522023934e+03
2.528453707342746384e+03
2.532194834440603699e+03
2.434717892190013572e+03
2.593422499022532065e+03
2.541701978916092230e+03
2.473683090997265026e+03
2.562770720381700812e+03
2.610682279173001916e+03
2.768849051844897076e+03
2.580416745048233679e+03
2.531525235129265639e+03
2.621790022600579050e+03
2.613609901477540461e+03
2.660241454831480496e+03
2.667011223878728742e+03
2.636212771193228036e+03
2.498576274696505152e+03
2.622628128325589842e+03
2.680412195996335413e+03
2.596416540123193045e+03
2.668919201844376857e+03
2.521049034268902687e+03
2.463642801668498578e+03
nan
nan
nan
nan
nan
nan
nan
nan
nan
nan
nan
nan
nan
nan
nan
nan
nan
nan
nan
nan
nan
nan
nan
nan
nan
nan
nan
nan
nan
nan
nan
nan
nan
nan
nan
nan
nan
nan
nan
nan
nan
nan
nan
nan
nan
nan
nan
nan
nan
nan
nan
nan
nan
nan
nan
nan
nan
nan
nan
nan
nan
nan
nan
nan
nan
nan
nan
nan
nan
nan
nan
nan
nan
nan
nan
nan
nan
nan
nan
nan
nan
nan
nan
nan
nan
nan
nan
nan
nan
nan
nan
nan
nan
nan
nan
nan
nan
nan
nan
nan
nan
nan
nan
nan
nan
nan
nan
nan
nan
nan
nan
nan
nan
nan
nan
nan
nan
nan
nan
nan
nan
nan
nan
nan
nan
nan
nan
nan
nan
nan
nan
nan
nan
nan
nan
nan
nan
nan
nan
nan
nan
nan
nan
nan
nan
nan
nan
nan
nan
nan
nan
nan
nan
nan
nan
nan
nan
nan
nan
nan
nan
nan
nan
nan
nan
nan
nan
nan
nan
nan
nan
nan
nan
nan
nan
nan
nan
nan
nan
nan
nan
nan
nan
nan
nan
nan
nan
nan
nan
nan
nan
nan
nan
nan
nan
nan
nan
nan
nan
nan
