-1.105913379969313155e+03
-1.120469435636094204e+03
-1.154968647172414876e+03
-1.168103462177256233e+03
-1.143495085095757531e+03
-1.129210989886125390e+03
-1.138539103048014113e+03
-1.107917596373383049e+03
-1.108885418244034554e+03
-1.110510420392068227e+03
-1.133653393068828109e+03
-1.121387908396398643e+03
-1.168410526840081957e+03
-1.109459763318730438e+03
-1.108099911968326069e+03
-1.111558492115685112e+03
-1.101620376676853311e+03
-1.114587429886838891e+03
-1.120625263596586592e+03
-1.106235708844390047e+03
-1.091815616583881138e+03
-1.110976931071039417e+03
-1.092577331091458746e+03
-1.107454810585237283e+03
-1.096934739144661989e+03
-1.112151752439754546e+03
-1.108360781205730746e+03
-1.095181644223802778e+03
-1.102139787145439414e+03
-1.116929463798725237e+03
-1.111825779287655678e+03
-1.095203696589272113e+03
-1.078896808894928427e+03
-1.112902833818414820e+03
-1.084320180834572511e+03
-1.090287613557472241e+03
-1.092930036488707628e+03
-1.081083032930574745e+03
-1.086778635321104730e+03
-1.083145191808823483e+03
-1.074635824342392198e+03
-1.081381895832491637e+03
-1.074216046102397286e+03
-1.071039402870948379e+03
-1.068340602762760000e+03
-1.079580432071777977e+03
-1.080173719950934583e+03
-1.065585622136633674e+03
-1.071368435397881058e+03
-1.072195831976729551e+03
-1.063518230569910202e+03
-1.064997877628537253e+03
-1.063306924389986079e+03
-1.064673055715969667e+03
-1.057270696247896467e+03
-1.058035479189319858e+03
-1.050661894183445156e+03
-1.065725365945565727e+03
-1.049308918160351823e+03
-1.053295672941533439e+03
-1.050208624192845264e+03
-1.041945086224544866e+03
-1.040080654916772346e+03
-1.046779945349045192e+03
-1.049145716353624721e+03
-1.044717340291259688e+03
-1.041471006924087078e+03
-1.040026468239363112e+03
-1.042410888380368760e+03
-1.037041363555181988e+03
-1.037433015746678166e+03
-1.027755770270553512e+03
-1.029327290177234545e+03
-1.024922775731750107e+03
-1.028161713575563226e+03
-1.018647064799595569e+03
-1.018769631071290746e+03
-1.019836961061055376e+03
-1.020016728539919882e+03
-1.027387660116798088e+03
-1.020089566123916143e+03
-1.013474133642236552e+03
-1.019077468753956737e+03
-1.008500757266405117e+03
-1.007653431160350806e+03
-1.012361772518465500e+03
-1.013098646918596046e+03
-1.008584256907812346e+03
-1.011688227796222463e+03
-1.008737507517400104e+03
-9.988882902039217697e+02
-1.005847643911134128e+03
-1.008109523385388229e+03
-1.002311802762723687e+03
-9.949060297975828462e+02
-9.915215993098561285e+02
-9.882550197931150251e+02
-9.946510318748788677e+02
-9.880509926335274713e+02
-9.896825392993503101e+02
-9.850554801978502155e+02
-9.806368344231480023e+02
-9.791849132568206642e+02
-9.831785195768260337e+02
-9.819200183253152545e+02
-9.847694089092386776e+02
-9.803794640657363288e+02
-9.823131325549184112e+02
-9.727398014817709964e+02
-9.736641451184299285e+02
-9.686523282476376835e+02
-9.758037657118967445e+02
-9.652101880996569889e+02
-9.668376296754130408e+02
-9.671913294924856928e+02
-9.673278509055156746e+02
-9.620203362459373011e+02
-9.642845357133921880e+02
-9.578746960716445074e+02
-9.580968867736596621e+02
-9.599997187547276098e+02
-9.551746483711532392e+02
-9.528343645653818612e+02
-9.465722430889945826e+02
-9.515169415100205015e+02
-9.494838933942089625e+02
-9.520957827957075779e+02
-9.484503456292104602e+02
-9.478282101541070688e+02
-9.451032954504025838e+02
-9.487626008195941267e+02
-9.389567874968471415e+02
-9.437815833372167162e+02
-9.430581175829099720e+02
-9.362516222806727910e+02
-9.355351480384171055e+02
-9.359147629215084407e+02
-9.285579997511383681e+02
-9.318476036321453648e+02
-9.309611910236366157e+02
-9.289465274820124705e+02
-9.267728065388308778e+02
-9.256760339551269681e+02
-9.255769051294544170e+02
-9.220931203157664413e+02
-9.210103248049001650e+02
-9.244681976909740797e+02
-9.179794803507212464e+02
-9.230197915339259680e+02
-9.173850936393916982e+02
-9.176178759354377235e+02
-9.178899210782780074e+02
-9.169984669652604907e+02
-9.155859465183851853e+02
-9.065216564271015613e+02
-9.044162374774075488e+02
-9.020469212905345557e+02
-9.047012385418889835e+02
-9.082799472303699986e+02
-9.044398100095675090e+02
-9.020821137550838102e+02
-8.967404222301807977e+02
-9.020279315717499458e+02
-9.001267299091776977e+02
-8.964257917591812657e+02
-8.958477629702955483e+02
-8.955097216326051921e+02
-8.933649766358723809e+02
-8.919031296209722086e+02
-8.924335014412573628e+02
-8.918095060642443741e+02
-8.875307959686347203e+02
-8.859038130320196842e+02
-8.911821827267543767e+02
-8.877510768638476293e+02
-8.854995149240141927e+02
-8.827490776605076235e+02
-8.784916275634544718e+02
-8.795750988181872572e+02
-8.795287158519970490e+02
-8.769109123399846339e+02
-8.796057256250227283e+02
-8.767104295046319749e+02
-8.742675314857458488e+02
-8.753516471094213784e+02
-8.749454767893130338e+02
-8.685681480616962062e+02
-8.676134531742840181e+02
-8.704575097495890077e+02
-8.686244988697203553e+02
-8.729649982985440602e+02
-8.656366677657155151e+02
-8.654876248377948968e+02
-8.679493135885502397e+02
-8.624975307797409414e+02
-8.627515759161394726e+02
-8.616634945663463441e+02
-8.612177188857215242e+02
-8.597044353422475069e+02
-8.594709642298829522e+02
-8.603429168867871795e+02
-8.566631434489704588e+02
-8.569252197744690420e+02
-8.575153658350174055e+02
-8.538509860172820254e+02
-8.528312251453673980e+02
-8.504781106668259554e+02
-8.510682510450081963e+02
-8.511427231028144433e+02
-8.497687472260073491e+02
-8.464797569742627275e+02
-8.478050686526454456e+02
-8.472102005619376541e+02
-8.435936159841759263e+02
-8.442224702381714678e+02
-8.434912325765893684e+02
-8.427252083219495944e+02
-8.428225454718224228e+02
-8.398396114715731073e+02
-8.384390674005655910e+02
-8.357612419992736932e+02
-8.396244349915424436e+02
-8.348397848464358049e+02
-8.360529155295132568e+02
-8.339862018285668910e+02
-8.334745699890154356e+02
-8.318822087838266270e+02
-8.337024004317840991e+02
-8.313096666721104384e+02
-8.289726480214242201e+02
-8.287304783268826895e+02
-8.301197207181792237e+02
-8.291709849810866899e+02
-8.279342173066107762e+02
-8.261597641069898827e+02
-8.249013672101107204e+02
-8.271480179939062509e+02
-8.254169800685244809e+02
-8.229258330682478118e+02
-8.240480766396091212e+02
-8.227174973151230688e+02
-8.225182658098005959e+02
-8.209721480839106107e+02
-8.193511340504434202e+02
-8.158134345785849746e+02
-8.178343906749252028e+02
-8.176618094588288841e+02
-8.162397056698209781e+02
-8.150252441550417188e+02
-8.149437189024531563e+02
-8.141048155374201087e+02
-8.113851929071189488e+02
-8.098722855977432573e+02
-8.080867828111149720e+02
-8.095443849023308758e+02
-8.059332706313578001e+02
-7.954320467870545599e+02
-7.948805273210290352e+02
-8.049335802106636493e+02
-7.961928801089439958e+02
-7.904251946537273170e+02
-8.127355482233230077e+02
-8.370164342298279507e+02
-8.137124799807136242e+02
-7.835140114899174932e+02
-8.136846172883281270e+02
-8.170313513237954339e+02
-8.135536067123449584e+02
-7.944239002294733609e+02
-8.186313420712886000e+02
-8.234047011478029390e+02
-7.722328461039076046e+02
-8.013997410057261277e+02
-7.823626021008298039e+02
-7.796595754644346243e+02
-8.401981088068790768e+02
-8.256843365001245729e+02
-7.871799142213005780e+02
-8.160671545374743800e+02
-7.936847238387966854e+02
-7.882635647056208654e+02
-7.948096790975932890e+02
-7.928053908429575358e+02
-8.029989645496583535e+02
-8.020146881929116489e+02
-7.795744664715291492e+02
-8.172102899260454478e+02
-8.099439477519129014e+02
-7.782609755840032904e+02
-8.164948243423100394e+02
-7.945692950276003330e+02
-7.986437969429828172e+02
-7.996071409343652476e+02
-7.874689614913703508e+02
-7.922162746907674773e+02
-7.889744687082351220e+02
-7.885600570166012631e+02
-7.836787974168805704e+02
-7.808326012901658260e+02
-7.803995939586458235e+02
-7.801900883773748774e+02
-7.782171928994093832e+02
-7.795970389339341864e+02
-7.768488380197945844e+02
-7.780646348964115759e+02
-7.771944921077889603e+02
-7.746982868268327138e+02
-7.748473888377463936e+02
-7.734960416772169083e+02
-7.747337257250835592e+02
-7.735219664340136205e+02
-7.728207262115674894e+02
-7.704473938522612571e+02
-7.712349976802311176e+02
-7.716438173073620419e+02
-7.698291851549595322e+02
-7.685091428677269505e+02
-7.675153784150136289e+02
-7.672384869805015342e+02
-7.668274804280522403e+02
-7.661243249447444441e+02
-7.652856812884432429e+02
-7.667336782069920673e+02
-7.647712064813511006e+02
-7.639468734436447903e+02
-7.630617279147168119e+02
-7.627712667505128366e+02
-7.626997328728725734e+02
-7.610137176333283833e+02
-7.621260520178432216e+02
-7.612178465661247628e+02
-7.614555193863963041e+02
-7.603580545185217261e+02
-7.609830225378594832e+02
-7.585467239772850689e+02
-7.589276179378823599e+02
-7.591023182055663483e+02
-7.562855731609970462e+02
-7.566000546957511688e+02
-7.565929307296868274e+02
-7.557206095985925458e+02
-7.558511461208901210e+02
-7.539541664235471217e+02
-7.537630858330397814e+02
-7.548523982442569604e+02
-7.530269396311142600e+02
-7.510813691453363390e+02
-7.518400056660963173e+02
-7.502945652559074006e+02
-7.506562906028012776e+02
-7.507931518189606095e+02
-7.485854735405351903e+02
-7.498113818398779813e+02
-7.489451007917223251e+02
-7.485600201233019106e+02
-7.470403656761322964e+02
-7.471688521350239398e+02
-7.463898806387127252e+02
-7.456864255143767650e+02
-7.455994886074461192e+02
-7.448086034865438023e+02
-7.448667436711709797e+02
-7.449563793089085948e+02
-7.432558526334159978e+02
-7.434883185376193069e+02
-7.430918632798484396e+02
-7.421980827521650781e+02
-7.417149136747727880e+02
-7.413638142297180593e+02
-7.413062726562465059e+02
-7.418200408510847410e+02
-7.401829259516549655e+02
-7.396900912995841963e+02
-7.384068453959393992e+02
-7.390459936814090725e+02
-7.375241671296608956e+02
-7.376035713848206115e+02
-7.368095226808106872e+02
-7.361919075384076905e+02
-7.359237987201858004e+02
-7.354977150862180224e+02
-7.345142476552957760e+02
-7.341100711834969843e+02
-7.342216395376655100e+02
-7.331484368784464323e+02
-7.326142107994739945e+02
-7.321375160724527404e+02
-7.328719324112037157e+02
-7.320859703158381535e+02
-7.317019662561179985e+02
-7.305142438218060761e+02
-7.289246251584710308e+02
-7.296349051333644411e+02
-7.297779271895672082e+02
-7.292878814468783730e+02
-7.291668389024154067e+02
-7.275806622386622848e+02
-7.263150361811540279e+02
-7.263191635259813665e+02
-7.272935372179294973e+02
-7.266503711238165124e+02
-7.256865517195063831e+02
-7.248455576748615385e+02
-7.258731149206980717e+02
-7.246705720572281280e+02
-7.236447077430002537e+02
-7.233966111048620178e+02
-7.218721550753718930e+02
-7.223694778049716660e+02
-7.215981062564892454e+02
-7.216246447902844920e+02
-7.215537279947349134e+02
-7.205918641668662303e+02
-7.207164997579311603e+02
-7.195224765679535039e+02
-7.193076084891830533e+02
-7.190578251436968458e+02
-7.186191847223208242e+02
-7.189045131435946132e+02
-7.172330490137102288e+02
-7.169799061729999039e+02
-7.174866358628966054e+02
-7.165055693627824667e+02
-7.159150983437903051e+02
-7.158845401330457889e+02
-7.151163956014221412e+02
-7.147850447141225914e+02
-7.142065647543405476e+02
-7.132617648557609300e+02
-7.124885049496476768e+02
-7.122294853175965272e+02
-7.116655484542168324e+02
-7.123419768578665980e+02
-7.117795100529660886e+02
-7.115044744123669034e+02
-7.105349682527411233e+02
-7.098755164900567252e+02
-7.093156229534732802e+02
-7.103663044782565521e+02
-7.088286688001568336e+02
-7.088294193731718451e+02
-7.084103005157369353e+02
-7.083149425274667692e+02
-7.071703689674818634e+02
-7.073215076215851695e+02
-7.066634093465863771e+02
-7.053720925003822231e+02
-7.049751630389667980e+02
-7.057089359097695933e+02
-7.046021643881889531e+02
-7.043902678165368343e+02
-7.043869538956145107e+02
-7.043714977653301048e+02
-7.023296062702728477e+02
-7.036348945934333869e+02
-7.022834834794880408e+02
-7.027731196405999299e+02
-7.022191011688306617e+02
-7.025472835826478786e+02
-7.010927132783895104e+02
-7.004417436844988742e+02
-6.997988469861794556e+02
-7.002618972765508261e+02
-6.990157756929577317e+02
-6.986152713790257849e+02
-6.984549968844683008e+02
-6.982536942680700349e+02
-6.975509706331471307e+02
-6.975256578447987295e+02
-6.976252856061369130e+02
-6.961967038878025278e+02
-6.970033810273592962e+02
-6.972471419595115094e+02
-6.948900051848347630e+02
-6.949961821351604385e+02
-6.951950161256614820e+02
-6.952335789434227991e+02
-6.950486228988017956e+02
-6.936686828712545321e+02
-6.932416155233056543e+02
-6.928365784222066850e+02
-6.923722706451403610e+02
-6.926513372625087186e+02
-6.913676582147834324e+02
-6.908335742963723760e+02
-6.916302984177106055e+02
-6.896368804649428057e+02
-6.899265564119646115e+02
-6.896580874934631993e+02
-6.895608574912769200e+02
-6.891896222771827070e+02
-6.887414463375597506e+02
-6.885951619337406555e+02
-6.875625279582413896e+02
-6.885191710836286347e+02
-6.873076804601139429e+02
-6.870874712611595214e+02
-6.859329622503582868e+02
-6.865485090744730314e+02
-6.854239878381241624e+02
-6.854978242512480620e+02
-6.854762270600905367e+02
-6.853483499243894812e+02
-6.847775349276755605e+02
-6.841372170185027244e+02
-6.839503784038652157e+02
-6.834529730221690897e+02
-6.826320846535933242e+02
-6.826052563841542451e+02
-6.821638837571406384e+02
-6.817528972247866932e+02
-6.815272919761468984e+02
-6.811852410160429372e+02
-6.813083037405613140e+02
-6.804455650583540773e+02
-6.803752786634961467e+02
-6.800536180260777428e+02
-6.789759159378852473e+02
-6.787840035951812752e+02
-6.776398852170615328e+02
-6.783289073959645066e+02
-6.774700027078295079e+02
-6.770586602217970267e+02
-6.776091331426964643e+02
-6.774175961228320375e+02
-6.768192884650826500e+02
-6.759358293051335522e+02
-6.764883186961774300e+02
-6.760355381290623882e+02
-6.751303899569054465e+02
-6.740464888500365532e+02
-6.747022339412430938e+02
-6.739201667510932339e+02
-6.725470755593396461e+02
-6.727235281356512360e+02
-6.725720593920893862e+02
-6.722128127776347810e+02
-6.723351229915050453e+02
-6.716036686148059971e+02
-6.710686032724242978e+02
-6.711224187121794102e+02
-6.703686213856092309e+02
-6.695748371632791986e+02
-6.699288171356295152e+02
-6.694123226264849791e+02
-6.679744230253090791e+02
-6.683428226867073363e+02
-6.682699436024079205e+02
-6.675971750289767215e+02
-6.674107499562140902e+02
-6.677315159996344391e+02
-6.671026676009245193e+02
-6.666574113896076597e+02
-6.663516249176814199e+02
-6.658974141685815766e+02
-6.657822815806665631e+02
-6.650762547283071626e+02
-6.650073818948766302e+02
-6.645675995140836676e+02
-6.646364764964571350e+02
-6.630155362124373823e+02
-6.638489120654461431e+02
-6.632113014900293138e+02
-6.622041511320790050e+02
-6.623630525187887770e+02
-6.626602126878667605e+02
-6.613907726093258361e+02
-6.615451695771027971e+02
-6.615626095853913284e+02
-6.611410415610918108e+02
-6.606819780704111054e+02
-6.594025368551197062e+02
-6.591628247894003607e+02
-6.588760931533929579e+02
-6.592020839603737841e+02
-6.591297467440913351e+02
-6.586638062505423932e+02
-6.582254603990209034e+02
-6.578793122493099190e+02
-6.578629680791499368e+02
-6.575837641742236883e+02
-6.565439896979900141e+02
-6.567575570418836151e+02
-6.555866268350360997e+02
-6.555827204785837239e+02
-6.551963685236001993e+02
-6.540399874288219735e+02
-6.531738874995249944e+02
-6.543525883741266398e+02
-6.542771321654106487e+02
-6.532306436378413537e+02
-6.528649706111787054e+02
-6.523285666776610014e+02
-6.519262027107922677e+02
-6.517692565485028808e+02
-6.522944976378826141e+02
-6.517371157345820620e+02
-6.510108768607476577e+02
-6.509187671221584424e+02
-6.507185950989792218e+02
-6.502594792254128606e+02
-6.505703847025806681e+02
-6.492275351271944146e+02
-6.489664647658090644e+02
-6.488171802183333057e+02
-6.480337728084267610e+02
-6.473973325023675898e+02
-6.479176131939747165e+02
-6.474337443572021584e+02
-6.470727031791084300e+02
-6.456244501470055184e+02
-6.457026728408367262e+02
-6.453403013986409178e+02
-6.460918311840067645e+02
-6.449496008069314712e+02
-6.453952381823760334e+02
-6.450949421344780603e+02
-6.438116972185480336e+02
-6.440156631799468414e+02
-6.434218292563268733e+02
-6.430305410273808775e+02
-6.433525167566322125e+02
-6.427579677071214519e+02
-6.426780904130990848e+02
-6.426341149503761017e+02
-6.410741122046191549e+02
-6.420029475170804290e+02
-6.411715723892576762e+02
-6.406092628533021980e+02
-6.401725288216010767e+02
-6.398876333035811967e+02
-6.395661070893554552e+02
-6.392538845593767292e+02
-6.384991819741155723e+02
-6.384887811006336733e+02
-6.377454442578069802e+02
-6.379446981798079150e+02
-6.374381905068739798e+02
-6.369385987400120257e+02
-6.372977907468170997e+02
-6.369138533845210759e+02
-6.368411235199765770e+02
-6.365378860639285676e+02
-6.362164896903086628e+02
-6.352488694206963373e+02
-6.352561170865837994e+02
-6.350559691522452113e+02
-6.344142826630234140e+02
-6.342168568766755925e+02
-6.336760245182481412e+02
-6.336157592581598692e+02
-6.327425027077707682e+02
-6.328548876472264055e+02
-6.324544692601125462e+02
-6.326473910734987385e+02
-6.322636241361745988e+02
-6.318502583960982975e+02
-6.312087423876250796e+02
-6.313441173425859461e+02
-6.302645393933437390e+02
-6.309080496536753344e+02
-6.305883284786096965e+02
-6.300235084664599299e+02
-6.292864383117279203e+02
-6.281753354412530825e+02
-6.293122426571546839e+02
-6.279150437035193590e+02
-6.273284183010996458e+02
-6.280295887028480593e+02
-6.277086367715785400e+02
-6.271166582458251924e+02
-6.264433886496689183e+02
-6.267111144744504827e+02
-6.264595706789318683e+02
-6.261087086492232174e+02
-6.249477611026151180e+02
-6.251243175219047998e+02
-6.248966522954748370e+02
-6.243315892440991774e+02
-6.237500057550080328e+02
-6.239387443771086055e+02
-6.237224380252162064e+02
-6.231667490140222299e+02
-6.230190665743681393e+02
-6.231012322398012202e+02
-6.228417086136255421e+02
-6.220199291791159339e+02
-6.221849816309867265e+02
-6.215931347025348259e+02
-6.211624279974831779e+02
-6.213665200119180554e+02
-6.195789071992431900e+02
-6.209848573699064218e+02
-6.196148083318761337e+02
-6.189602356761364490e+02
-6.187115669216746028e+02
-6.184279433107418527e+02
-6.186743439683579027e+02
-6.174129404151826748e+02
-6.184245400556367258e+02
-6.174136606179922637e+02
-6.170866783369735913e+02
-6.170703669775448361e+02
-6.168279314091104197e+02
-6.164529256530262273e+02
-6.161447695924185837e+02
-6.159234688225592436e+02
-6.163440007528735123e+02
-6.153425203816482281e+02
-6.142980561055790076e+02
-6.147204253795939621e+02
-6.140246621536206248e+02
-6.130712525982283978e+02
-6.138625719626289765e+02
-6.133089583312754485e+02
-6.137406558522902742e+02
-6.126192671414138431e+02
-6.118604695624485430e+02
-6.115821566646383189e+02
-6.114232788331412394e+02
-6.116752834296775063e+02
-6.106948975843808967e+02
-6.104065449284298666e+02
-6.102192997434932522e+02
-6.106634939916427811e+02
-6.093935569015026203e+02
-6.101086990005039752e+02
-6.093289680977709395e+02
-6.087593220441821131e+02
-6.084610899388704865e+02
-6.083320897640546718e+02
-6.084097793790763262e+02
-6.082720844454407825e+02
-6.075898129592504802e+02
-6.072524267302912904e+02
-6.065606398894236690e+02
-6.071536011138081221e+02
-6.053874995515592445e+02
-6.057732612538079593e+02
-6.057286181618699175e+02
-6.043762901716595479e+02
-6.042780604767287969e+02
-6.051624407715594316e+02
-6.045104758356449111e+02
-6.043067064213616959e+02
-6.033696480271322571e+02
-6.031850363621049382e+02
-6.031892538280652616e+02
-6.025389829347558361e+02
-6.030657033928464443e+02
-6.024573876817036080e+02
-6.021876777104876055e+02
-6.015410226856843110e+02
-6.012468207682940147e+02
-6.008951597440703836e+02
-6.007180204639455496e+02
-5.997097177459249906e+02
-6.005750714214443633e+02
-6.001625156113805133e+02
-5.995043295082776922e+02
-5.995604558936613557e+02
-5.982117478490441727e+02
-5.984687317466389231e+02
-5.985352141777512998e+02
-5.978699492342618669e+02
-5.981716132159355084e+02
-5.972710607354196100e+02
-5.967098428327111606e+02
-5.973031778419449438e+02
-5.954206569725738518e+02
-5.965772788412889440e+02
-5.963149834502771682e+02
-5.958748238337586827e+02
-5.951099987594527647e+02
-5.948988877147743324e+02
-5.946782637310903965e+02
-5.941355048084470809e+02
-5.944357916705148455e+02
-5.940174825463602701e+02
-5.935378609256528080e+02
-5.925394962851645460e+02
-5.919566239194385844e+02
-5.922267226034804253e+02
-5.918697870858726446e+02
-5.927904581847935788e+02
-5.920238636431769237e+02
-5.916523160451758940e+02
-5.910118980175066099e+02
-5.912033244161457333e+02
-5.899625293362264529e+02
-5.900307009158517531e+02
-5.899110957675168265e+02
-5.895473597483533013e+02
-5.898849407799937126e+02
-5.890141204574313178e+02
-5.890788332975524781e+02
-5.890960215164864167e+02
-5.879947637571234509e+02
-5.889258256036490593e+02
-5.880156614479567452e+02
-5.880013298554066523e+02
-5.871055525697231587e+02
-5.860566845294421228e+02
-5.864539167955047105e+02
-5.866626433894064121e+02
-5.867796339345565002e+02
-5.855513512925300574e+02
-5.856546197170029018e+02
-5.855713824138085783e+02
-5.848047292855126216e+02
-5.846703240107916599e+02
-5.849069416945525290e+02
-5.843427686022812395e+02
-5.833066457639453120e+02
-5.839648159997008179e+02
-5.831611180677983839e+02
-5.841045202807283658e+02
-5.834234288044456207e+02
-5.827936675597766225e+02
-5.829899026051052715e+02
-5.820341557227503699e+02
-5.820530481774690088e+02
-5.818364580443632121e+02
-5.809388357505870317e+02
-5.801014137723924478e+02
-5.801882650569649513e+02
-5.800169403412824067e+02
-5.802585361034741709e+02
-5.793194430062586662e+02
-5.797967297618255316e+02
-5.787237707531925253e+02
-5.787036589385343177e+02
-5.780161779689066179e+02
-5.782990553081709777e+02
-5.783454614934503297e+02
-5.784829765262996943e+02
-5.782481160707185381e+02
-5.769835919286925900e+02
-5.773515200864999315e+02
-5.769550856361485103e+02
-5.762976916964083784e+02
-5.762999990942055319e+02
-5.753640735114914833e+02
-5.753389291676933226e+02
-5.758623771759273495e+02
-5.751496367267428695e+02
-5.753456634565048944e+02
-5.744838958779199629e+02
-5.738521614737545633e+02
-5.740623931356194589e+02
-5.742988510110183142e+02
-5.729884469447467836e+02
-5.740912209393790135e+02
-5.734300389963033240e+02
-5.731039793783841105e+02
-5.718624643069312015e+02
-5.718023606824406215e+02
-5.723051610034011674e+02
-5.714132582100246509e+02
-5.712571250952868240e+02
-5.715669937325480987e+02
-5.716365059320892215e+02
-5.704056238800023948e+02
-5.705697072534516110e+02
-5.696743279778091846e+02
-5.701240610424634951e+02
-5.699851185340522761e+02
-5.691556410055768538e+02
-5.691517894808667961e+02
-5.689590866289493079e+02
-5.689615062398606824e+02
-5.680548710503848042e+02
-5.689473321490769422e+02
-5.678789136156154882e+02
-5.672852916541529567e+02
-5.671638925069826200e+02
-5.668388257029314445e+02
-5.669242430425474595e+02
-5.666622266122005840e+02
-5.659662282606437884e+02
-5.655424034446488122e+02
-5.658788398187515440e+02
-5.655354640121995544e+02
-5.645020159273428817e+02
-5.644270972646041855e+02
-5.648235150932255237e+02
-5.651996487271668457e+02
-5.645249339128914698e+02
-5.628705722406485847e+02
-5.635425357212865265e+02
-5.632940147678003768e+02
-5.626682280080887040e+02
-5.630733151376923615e+02
-5.637234415767318296e+02
-5.626501867870116484e+02
-5.617169074127648400e+02
-5.615673852360304181e+02
-5.615342534849913818e+02
-5.607978290167308160e+02
-5.610021487894471193e+02
-5.599402830903381982e+02
-5.605050832053955219e+02
-5.596613957411160527e+02
-5.596912114358237886e+02
-5.597478795590145637e+02
-5.588275839939445859e+02
-5.592972070073694795e+02
-5.581469562213964082e+02
-5.582622642001490476e+02
-5.584476856043019097e+02
-5.583107337257190466e+02
-5.579258976445786402e+02
-5.580915847228678786e+02
-5.577224776430409747e+02
-5.573308272746485272e+02
-5.573272183809422131e+02
-5.576546000131226037e+02
-5.567222846347242466e+02
-5.558778787633430056e+02
-5.566172449824323394e+02
-5.554773806505253333e+02
-5.554775557536224824e+02
-5.540071098616426752e+02
-5.550119969494177212e+02
-5.548343475104130675e+02
-5.543030869025635639e+02
-5.539641331727589204e+02
-5.537575917892918369e+02
-5.539386305107500448e+02
-5.538055792109232698e+02
-5.529414551838108309e+02
-5.528443992270099443e+02
-5.530031750001710407e+02
-5.519717077271330936e+02
-5.511188052161963924e+02
-5.523205699731463483e+02
-5.523574139195147836e+02
-5.511374560144034831e+02
-5.499083579694483888e+02
-5.503972585864295297e+02
-5.504110141642157714e+02
-5.505846481776628707e+02
-5.495804305994902279e+02
-5.502706758959011495e+02
-5.496883281069655141e+02
-5.502691573053107277e+02
-5.493977780777075850e+02
-5.487793399133141747e+02
-5.484418970062949938e+02
-5.478811628260516500e+02
-5.492336623187713940e+02
-5.488185624791725559e+02
-5.473750348798034793e+02
-5.473259475201392661e+02
-5.480249313133481337e+02
-5.473142341703771763e+02
-5.466698298358039665e+02
-5.470495142206672199e+02
-5.459753878862215970e+02
-5.463727962368325279e+02
-5.453049076397892350e+02
-5.459703462293512075e+02
-5.452148764082357957e+02
-5.447111420742071459e+02
-5.449142584738008281e+02
-5.451203793703372185e+02
-5.441539597597292186e+02
-5.438191204692824385e+02
-5.436243655476741878e+02
-5.442683363424084746e+02
-5.428256086337817123e+02
-5.426600677271037512e+02
-5.431696030641882089e+02
-5.427351100175354759e+02
-5.433563308106857903e+02
-5.423950829826954987e+02
-5.421475179090185748e+02
-5.425338788112355815e+02
-5.420946620673266807e+02
-5.411450348531930103e+02
-5.410997369994967130e+02
-5.406875383368003440e+02
-5.403669880374386594e+02
-5.411448018296146074e+02
-5.409103583954873784e+02
-5.406664812606127271e+02
-5.396439286981499208e+02
-5.391625779399304292e+02
-5.390402461479516205e+02
-5.384238844858261928e+02
-5.384019729189892587e+02
-5.383350211738777489e+02
-5.393936902865165166e+02
-5.381508058124749141e+02
-5.375784884327282498e+02
-5.374297683157298025e+02
-5.383970287572295774e+02
-5.379198850647071595e+02
-5.370754225048345916e+02
-5.378902431676776814e+02
-5.367813288589351259e+02
-5.366406177525557268e+02
-5.356611660225609057e+02
-5.352753390735961148e+02
-5.358388420276976376e+02
-5.347654015399266427e+02
-5.345045074870214421e+02
-5.353961626630406272e+02
-5.349935610739979666e+02
-5.337944746810636616e+02
-5.332846082497208045e+02
-5.338104473572478810e+02
-5.329421289765884922e+02
-5.332569276024630653e+02
-5.330485394596506694e+02
-5.335408156160303861e+02
-5.334303573642769152e+02
-5.332332094675034568e+02
-5.326811272569326547e+02
-5.327633385240943653e+02
-5.317657602110655262e+02
-5.320888444325361206e+02
-5.321032667471947661e+02
-5.319037083800935761e+02
-5.309715441245623424e+02
-5.308342014947185135e+02
-5.308905477099995096e+02
-5.298066525868354120e+02
-5.303198768346420593e+02
-5.300535223147957140e+02
-5.299343272725999441e+02
-5.298640815976755221e+02
-5.288545479631858370e+02
-5.283807120480822732e+02
-5.282058071489054782e+02
-5.290616388348057626e+02
-5.286964452994285466e+02
-5.269430685105730845e+02
-5.277266925130213622e+02
-5.273021792352388957e+02
-5.275606059142083950e+02
-5.276229853268190482e+02
-5.277370841452742525e+02
-5.261468926627029532e+02
-5.267482145566124245e+02
-5.265111187017917018e+02
-5.260020159454261375e+02
-5.260619725514053471e+02
-5.252257368336807986e+02
-5.254550695070151960e+02
-5.250054458406710864e+02
-5.247287673639226568e+02
-5.245369505714784282e+02
-5.244290583809297459e+02
-5.242558334272299589e+02
-5.241170059053770274e+02
-5.226643275532037478e+02
-5.233981194158084236e+02
-5.229946817152138010e+02
-5.235203177386069910e+02
-5.226948938770838140e+02
-5.223015451243527423e+02
-5.221006219651869742e+02
-5.217856476487809232e+02
-5.220648615447050815e+02
-5.221614925663969871e+02
-5.219686367433713485e+02
-5.216544430510556367e+02
-5.222055139271149073e+02
-5.212780926928049894e+02
-5.213183345544146050e+02
-5.205691606958250759e+02
-5.202635530349085684e+02
-5.204915805114591194e+02
-5.205585607040179639e+02
-5.196000687383316290e+02
-5.195614509420050808e+02
-5.193769003785188261e+02
-5.195049283811084706e+02
-5.183479302761792269e+02
-5.187700631925848711e+02
-5.184002896433279375e+02
-5.179231429368742283e+02
-5.168006461808555514e+02
-5.177708539699787025e+02
-5.167887415964565889e+02
-5.181206270676984786e+02
-5.178165528320496378e+02
-5.170296182376274601e+02
-5.159886415113214753e+02
-5.160853340917653895e+02
-5.154872690072313617e+02
-5.164207995785521916e+02
-5.160836665859251298e+02
-5.157763761834262368e+02
-5.155485443273338433e+02
-5.157017434343630384e+02
-5.151449408762507574e+02
-5.143919529150555263e+02
-5.150901194522988362e+02
-5.148517836920880200e+02
-5.147038386130527670e+02
-5.136322487809936774e+02
-5.136161887007299356e+02
-5.138218217668620582e+02
-5.122713311728737153e+02
-5.135719101852982931e+02
-5.141777916518207121e+02
-5.122455851451120452e+02
-5.120398327064158366e+02
-5.121906661196272808e+02
-5.119085112060739107e+02
-5.107779863825023199e+02
-5.116434888966700214e+02
-5.124164043538770557e+02
-5.118264877351459177e+02
-5.123392663526724391e+02
-5.111832510377018934e+02
-5.105532677060036235e+02
-5.107611556667372383e+02
-5.098083035291658689e+02
-5.105613801994417145e+02
-5.108044661495502510e+02
-5.096330902177730877e+02
-5.096790344938451653e+02
-5.087483576232951918e+02
-5.090003684273411864e+02
-5.093720722947902004e+02
-5.089599923138881650e+02
-5.086001861898681113e+02
-5.076018557917662406e+02
-5.074069889465807250e+02
-5.073732533561696982e+02
-5.070134428217349409e+02
-5.068663629805096775e+02
-5.066134624115769611e+02
-5.068013710022399891e+02
-5.063228024175593873e+02
-5.068385508077312807e+02
-5.075970127818481501e+02
-5.059185899195652496e+02
-5.060518586443651543e+02
-5.058801879177247542e+02
-5.058710923998650060e+02
-5.057736164366864955e+02
-5.051417777317712989e+02
-5.050868110951302015e+02
-5.036748305016272980e+02
-5.058390301412794088e+02
-5.034655100415975539e+02
-5.042478212422323054e+02
-5.034615531357100053e+02
-5.032489108352490916e+02
-5.044648004125433545e+02
-5.025606393336976794e+02
-5.027879646374821618e+02
-5.027642684961075474e+02
-5.028217385796155554e+02
-5.030029856749646342e+02
-5.024129002475900165e+02
-5.021731737157243742e+02
-5.007615742278199491e+02
-5.028266584451929475e+02
-5.019011279252081295e+02
-5.009286188141878711e+02
-5.016281272218398044e+02
-5.007059084530237101e+02
-5.007021967449344970e+02
-5.015901675157567183e+02
-5.004813922490017148e+02
-4.997190759662645974e+02
-4.995042263333608048e+02
-5.004020352176429469e+02
-4.995508052501488692e+02
-4.976927575578696406e+02
-4.997304156336885512e+02
-4.994681846091846182e+02
-4.994273533202157296e+02
-4.979198860858195985e+02
-4.987072448066511470e+02
-4.982225663012196719e+02
-4.986391481067941527e+02
-4.968178958466843369e+02
-4.977456003228682562e+02
-4.980518542283879810e+02
-4.969609505822214714e+02
-4.974937251875532525e+02
-4.966707174020754678e+02
-4.967078736501053413e+02
-4.960807566922807723e+02
-4.966182976290387501e+02
-4.963476802086322550e+02
-4.948018424178390546e+02
-4.948924930676209328e+02
-4.955567063957666392e+02
-4.944049747462957498e+02
-4.952004865451411888e+02
-4.945430319289242789e+02
-4.953182313262993262e+02
-4.946843570427731152e+02
-4.948501538919308018e+02
-4.935693995623593082e+02
-4.952948205508188266e+02
-4.939391122468443314e+02
-4.944506650250962139e+02
-4.926881893297594388e+02
-4.935999008769778129e+02
-4.922158828004263569e+02
-4.917627355155121904e+02
-4.920712004566077553e+02
-4.908861347727601583e+02
-4.926897095279117025e+02
-4.926624115545728841e+02
-4.911222749505666911e+02
-4.913424016765960687e+02
-4.912430506762331106e+02
-4.915155250331960701e+02
-4.910543752988457413e+02
-4.909437436128146146e+02
-4.912903210604063133e+02
-4.899252229632754165e+02
-4.912478666520266870e+02
-4.906956105787493811e+02
-4.911614057539990768e+02
-4.897250544106764210e+02
-4.900390422435302753e+02
-4.895729643578771402e+02
-4.895702514878886404e+02
-4.895354990697875905e+02
-4.889030695332829168e+02
-4.879935191668240577e+02
-4.887353335595485646e+02
-4.878338538624661851e+02
-4.883285704911846778e+02
-4.865585072645152422e+02
-4.882879398208604016e+02
-4.872823092957457902e+02
-4.871503949142602323e+02
-4.873894891430513212e+02
-4.862203360472565237e+02
-4.868640685866181457e+02
-4.854486110011660003e+02
-4.871672430892433567e+02
-4.875478520855484703e+02
-4.858372650054454880e+02
-4.858532483944471778e+02
-4.866718111503957971e+02
-4.854719186416061802e+02
-4.855805630379749687e+02
-4.839579797480817547e+02
-4.854264293509028789e+02
-4.845130059952674628e+02
-4.841727705969999533e+02
-4.850368724130891565e+02
-4.844370979883201471e+02
-4.848279764753671657e+02
-4.841369658246917993e+02
-4.841453056814098659e+02
-4.848020786677190586e+02
-4.839699688689257755e+02
-4.842352816695677120e+02
-4.833155672307677833e+02
-4.835033089688003543e+02
-4.846133189146867721e+02
-4.840770907920557988e+02
-4.827879344238023123e+02
-4.835074212512373037e+02
-4.822470151044961995e+02
-4.817054719027084388e+02
-4.821626281807005512e+02
-4.797863101665359977e+02
-4.814043754396278700e+02
-4.812837066040944478e+02
-4.811354247103558350e+02
-4.810151757524172353e+02
-4.803319216764547264e+02
-4.804036528207890342e+02
-4.814830471572345232e+02
-4.800036540501158129e+02
-4.810250024933289410e+02
-4.803704442019413818e+02
-4.808082183283785866e+02
-4.796288910286664304e+02
-4.802006701537009690e+02
-4.805812923508801759e+02
-4.790126591222490333e+02
-4.787829710420409128e+02
-4.783529731117552615e+02
-4.778869682148445008e+02
-4.770950403286635151e+02
-4.781094223450813843e+02
-4.782670456177136202e+02
-4.761719723496152596e+02
-4.780814530256378134e+02
-4.761768350990734575e+02
-4.769146248456865465e+02
-4.765275308371442975e+02
-4.759684004338375303e+02
-4.768574294761659758e+02
-4.762660036212757291e+02
-4.758923726861095815e+02
-4.759918075793308390e+02
-4.744912169550370891e+02
-4.766161237969652689e+02
-4.758404774935305568e+02
-4.745083135192926989e+02
-4.742373020793202159e+02
-4.761739328801426723e+02
-4.744100239649347941e+02
-4.747081403226119960e+02
-4.739101136440091864e+02
-4.739406082640580280e+02
-4.746217255518796492e+02
-4.735949348741828544e+02
-4.733880727975754326e+02
-4.734258497335533207e+02
-4.740094910427070545e+02
-4.728413115533640507e+02
-4.723029438713588775e+02
-4.710157517282516437e+02
-4.725295788230293965e+02
-4.725587745944556559e+02
-4.717925036513958048e+02
-4.720115066836962683e+02
-4.727815284532981082e+02
-4.739906287445046473e+02
-4.717384354811790104e+02
-4.714245534394543711e+02
-4.723526750523597570e+02
-4.719116716169579604e+02
-4.715895979310450912e+02
-4.715187621927245232e+02
-4.710982323235854210e+02
-4.687753206392450807e+02
-4.704699643802502464e+02
-4.710338998775779942e+02
-4.701040695633811879e+02
-4.706551273907277846e+02
-4.691130000099536801e+02
-4.690268344229356217e+02
